KOLONNEANALYSE  nett=e1-modell/p5p.bin  data=sd-v5  n=60000
delta = oekning i anger naar kolonnen stokkes (hoeyere = viktigere)

PER BLOKK
blokk              kol      alle    foerer    makker   forsvar
app (nevro)        238   0.84417   1.81825   0.12885   0.60939
v1 egne             35   0.08141   0.13397   0.00542   0.08588
v2 vrak/farge        4   0.00000   0.00000   0.00000   0.00000
v2 vrak EN-AV       52   0.00000   0.00000   0.00000   0.00000
v2 korrigert        11   0.00000   0.00000   0.00000   0.00000
v3 telling          16   0.00000   0.00000   0.00000   0.00000
v4 auksjon           8   0.00000   0.00000   0.00000   0.00000

DE 40 VIKTIGSTE KOLONNENE
    iblokk              dekn  unike   saliens      alle    foerer    makker   forsvar
  221app (nevro)       0.263      2  0.000007   0.04273   0.11651   0.00289   0.01837
  222app (nevro)       0.237      2  0.000007   0.04272   0.11336   0.00157   0.02079
  220app (nevro)       0.260      2  0.000007   0.03930   0.09935   0.00261   0.02144
  223app (nevro)       0.241      2  0.000007   0.03632   0.09526   0.00349   0.01733
  212app (nevro)       0.301      2  0.000008   0.01757   0.03415   0.00184   0.01519
  271v1 egne           0.301      2  0.000008   0.01752   0.03218   0.00262   0.01589
   51app (nevro)       0.135      2  0.000006   0.01694   0.04511   0.00117   0.00789
  213app (nevro)       0.230      2  0.000008   0.01458   0.01852   0.00430   0.01701
  216app (nevro)       0.225      2  0.000011   0.01455   0.03174   0.00605   0.00852
  369?                 0.125      2  0.000006   0.01198   0.03544   0.00035   0.00377
   38app (nevro)       0.135      2  0.000006   0.01180   0.03079   0.00038   0.00606
   50app (nevro)       0.148      2  0.000006   0.01172   0.03281   0.00122   0.00435
   25app (nevro)       0.130      2  0.000006   0.01137   0.02478   0.00148   0.00815
   37app (nevro)       0.140      2  0.000005   0.01109   0.02828   0.00292   0.00491
   36app (nevro)       0.152      2  0.000005   0.01109   0.02670   0.00142   0.00651
  230app (nevro)       0.932     11  0.000009   0.01077   0.03829   0.00049  -0.00042
   49app (nevro)       0.143      2  0.000005   0.01070   0.03134   0.00073   0.00334
   24app (nevro)       0.136      2  0.000005   0.01046   0.02957   0.00132   0.00362
  219app (nevro)       0.248      2  0.000005   0.00999   0.02390   0.00037   0.00637
   10app (nevro)       0.137      2  0.000004   0.00981   0.02649   0.00262   0.00347
   76app (nevro)       0.446      2  0.000004   0.00963   0.02134   0.00033   0.00712
  215app (nevro)       0.233      2  0.000005   0.00946   0.01879   0.00366   0.00672
   63app (nevro)       0.481      2  0.000004   0.00896   0.01854   0.00069   0.00723
  370?                 0.509      2  0.000003   0.00863   0.01546   0.00024   0.00853
  368?                 0.061      2  0.000020   0.00862   0.02348   0.00195   0.00310
   12app (nevro)       0.123      2  0.000005   0.00834   0.02127   0.00101   0.00424
  128app (nevro)       0.028      2  0.000009   0.00815   0.01023   0.00110   0.01018
  210app (nevro)       0.238      2  0.000006   0.00793   0.01177  -0.00016   0.00941
   23app (nevro)       0.147      2  0.000005   0.00788   0.02280   0.00042   0.00268
  116app (nevro)       0.036      2  0.000009   0.00787   0.00755   0.00342   0.01009
  129app (nevro)       0.036      2  0.000009   0.00775   0.00706   0.00326   0.01021
   62app (nevro)       0.428      2  0.000003   0.00756   0.01952  -0.00017   0.00419
   35app (nevro)       0.158      2  0.000004   0.00751   0.02102  -0.00040   0.00332
  141app (nevro)       0.030      2  0.000008   0.00736   0.00902   0.00209   0.00881
   48app (nevro)       0.155      2  0.000004   0.00716   0.01676   0.00165   0.00413
  153app (nevro)       0.027      2  0.000008   0.00710   0.01040   0.00023   0.00834
  103app (nevro)       0.502      2  0.000004   0.00678   0.01557   0.00097   0.00438
  151app (nevro)       0.027      2  0.000008   0.00677   0.01362   0.00153   0.00522
  134app (nevro)       0.026      2  0.000007   0.00677   0.01145   0.00170   0.00638
  258v1 egne           0.184      2  0.000004   0.00676   0.01198   0.00106   0.00636

KOLONNER SOM SKADER (negativ delta = nettet blir BEDRE av aa miste dem)
    iblokk              dekn  unike      alle    foerer    makker   forsvar
   32app (nevro)       0.133      2  -0.00149  -0.00695   0.00004   0.00096
  366?                 0.875     17  -0.00121  -0.00361   0.00008  -0.00042
   99app (nevro)       0.412      2  -0.00060  -0.00377   0.00029   0.00083
  244v1 egne           0.790     14  -0.00049   0.00007   0.00000  -0.00104
   43app (nevro)       0.137      2  -0.00046  -0.00087  -0.00051  -0.00021
   39app (nevro)       0.115      2  -0.00046  -0.00614   0.00084   0.00223
  232app (nevro)       0.939    100  -0.00041  -0.00213  -0.00017   0.00046
  193app (nevro)       0.003      2  -0.00038  -0.00158   0.00009   0.00010
  239v1 egne           0.669     11  -0.00035   0.00084   0.00016  -0.00126
   28app (nevro)       0.119      2  -0.00031  -0.00020  -0.00046  -0.00030
  234app (nevro)       0.613     11  -0.00030   0.00119  -0.00028  -0.00117
    6app (nevro)       0.127      2  -0.00029   0.00024  -0.00013  -0.00066
  231app (nevro)       0.929    169  -0.00028  -0.00331   0.00059   0.00107
  245v1 egne           0.782     14  -0.00022  -0.00092  -0.00082   0.00046
  235app (nevro)       0.615     11  -0.00018   0.00007   0.00061  -0.00069
  225app (nevro)       1.000      6  -0.00018   0.00046   0.00043  -0.00083
  202app (nevro)       0.000      2  -0.00016  -0.00067   0.00000   0.00005
  268v1 egne           0.942     14  -0.00011  -0.00110  -0.00032   0.00055
  165app (nevro)       0.001      2  -0.00011  -0.00001  -0.00008  -0.00019
  207app (nevro)       0.004      2  -0.00009  -0.00120  -0.00002   0.00051
  228app (nevro)       0.932     11  -0.00007  -0.00108   0.00003   0.00047
  189app (nevro)       0.000      2  -0.00002   0.00000   0.00000  -0.00003
  270v1 egne           1.000     11  -0.00002   0.00077  -0.00078  -0.00012
  178app (nevro)       0.001      2  -0.00001  -0.00007  -0.00005   0.00004
  161app (nevro)       0.000      2  -0.00000  -0.00000   0.00000   0.00000
