KOLONNEANALYSE  nett=e1-modell/ftf1.bin  data=sd-v5  n=60000
delta = oekning i anger naar kolonnen stokkes (hoeyere = viktigere)

PER BLOKK
blokk              kol      alle    foerer    makker   forsvar
app (nevro)        238   0.69330   1.56610   0.17118   0.42846
v1 egne             35   0.07880   0.12702   0.02749   0.07446

DE 40 VIKTIGSTE KOLONNENE
    iblokk              dekn  unike   saliens      alle    foerer    makker   forsvar
  220app (nevro)       0.260      2  0.000007   0.03670   0.10154   0.00212   0.01511
  223app (nevro)       0.241      2  0.000007   0.03516   0.09663   0.00542   0.01328
  222app (nevro)       0.237      2  0.000007   0.03436   0.09471   0.00175   0.01443
  221app (nevro)       0.263      2  0.000007   0.03401   0.09888   0.00114   0.01160
  271v1 egne           0.301      2  0.000008   0.01938   0.04245   0.00125   0.01437
  212app (nevro)       0.301      2  0.000008   0.01524   0.03137   0.00119   0.01237
  230app (nevro)       0.932     11  0.000010   0.01466   0.04560   0.00291   0.00217
  216app (nevro)       0.225      2  0.000011   0.01425   0.03534   0.00396   0.00678
  213app (nevro)       0.230      2  0.000008   0.01387   0.02006   0.00488   0.01441
   51app (nevro)       0.135      2  0.000006   0.01341   0.03691   0.00142   0.00533
   50app (nevro)       0.148      2  0.000006   0.01091   0.03246   0.00181   0.00263
   24app (nevro)       0.136      2  0.000006   0.01011   0.02905   0.00260   0.00261
   38app (nevro)       0.135      2  0.000006   0.00939   0.02454   0.00059   0.00468
   36app (nevro)       0.152      2  0.000005   0.00839   0.01846   0.00037   0.00625
  219app (nevro)       0.248      2  0.000005   0.00826   0.02241   0.00119   0.00333
  141app (nevro)       0.030      2  0.000007   0.00774   0.01196   0.00177   0.00805
   76app (nevro)       0.446      2  0.000004   0.00772   0.02026  -0.00010   0.00407
   37app (nevro)       0.140      2  0.000006   0.00750   0.02454   0.00219   0.00009
   25app (nevro)       0.130      2  0.000006   0.00742   0.01390   0.00245   0.00595
   48app (nevro)       0.155      2  0.000004   0.00728   0.02432   0.00002   0.00075
  142app (nevro)       0.034      2  0.000009   0.00712   0.00501   0.00401   0.00976
  128app (nevro)       0.028      2  0.000009   0.00686   0.00843   0.00067   0.00880
   10app (nevro)       0.137      2  0.000005   0.00675   0.01723   0.00214   0.00280
   49app (nevro)       0.143      2  0.000005   0.00673   0.01936   0.00267   0.00129
  129app (nevro)       0.036      2  0.000010   0.00665   0.00427   0.00251   0.00993
  154app (nevro)       0.027      2  0.000008   0.00653   0.00906   0.00131   0.00746
  116app (nevro)       0.036      2  0.000009   0.00635   0.00537   0.00240   0.00873
  115app (nevro)       0.027      2  0.000008   0.00623   0.00757   0.00098   0.00785
  215app (nevro)       0.233      2  0.000006   0.00619   0.01391   0.00541   0.00208
  127app (nevro)       0.028      2  0.000008   0.00606   0.00851   0.00034   0.00726
  151app (nevro)       0.027      2  0.000009   0.00598   0.01055   0.00171   0.00530
   77app (nevro)       0.524      2  0.000004   0.00578   0.01249   0.00228   0.00351
  112app (nevro)       0.028      2  0.000009   0.00573   0.01306   0.00027   0.00399
  227app (nevro)       0.509      2  0.000004   0.00571   0.00743   0.00108   0.00685
  208app (nevro)       0.284      2  0.000004   0.00567   0.01195   0.00098   0.00420
  102app (nevro)       0.420      2  0.000004   0.00562   0.01597   0.00100   0.00176
  113app (nevro)       0.027      2  0.000009   0.00561   0.01300   0.00087   0.00352
  262v1 egne           0.917     13  0.000005   0.00538   0.01416   0.00251   0.00164
   88app (nevro)       0.356      2  0.000003   0.00531   0.01144   0.00260   0.00301
  152app (nevro)       0.026      2  0.000008   0.00531   0.00893   0.00154   0.00494

KOLONNER SOM SKADER (negativ delta = nettet blir BEDRE av aa miste dem)
    iblokk              dekn  unike      alle    foerer    makker   forsvar
   86app (nevro)       0.368      2  -0.00221  -0.00965   0.00025   0.00097
    2app (nevro)       0.114      2  -0.00210  -0.00566  -0.00055  -0.00076
   98app (nevro)       0.385      2  -0.00191  -0.00804  -0.00028   0.00088
  255v1 egne           0.153      2  -0.00135  -0.00687   0.00056   0.00097
   26app (nevro)       0.113      2  -0.00131  -0.00352  -0.00079  -0.00027
   15app (nevro)       0.129      2  -0.00102   0.00134  -0.00077  -0.00251
   14app (nevro)       0.133      2  -0.00097  -0.00416   0.00052   0.00019
   40app (nevro)       0.124      2  -0.00083  -0.00300  -0.00057   0.00030
  231app (nevro)       0.929    169  -0.00079  -0.00195   0.00075  -0.00083
   84app (nevro)       0.404      2  -0.00072  -0.00212   0.00082  -0.00062
  225app (nevro)       1.000      6  -0.00067  -0.00224   0.00011  -0.00012
  178app (nevro)       0.001      2  -0.00065  -0.00241   0.00001   0.00006
   13app (nevro)       0.118      2  -0.00056  -0.00018  -0.00006  -0.00101
  232app (nevro)       0.939    100  -0.00053  -0.00106   0.00103  -0.00095
  270v1 egne           1.000     11  -0.00042  -0.00336   0.00165   0.00034
   32app (nevro)       0.133      2  -0.00037   0.00172  -0.00051  -0.00152
  205app (nevro)       0.002      2  -0.00036  -0.00069  -0.00000  -0.00033
  207app (nevro)       0.004      2  -0.00034  -0.00218   0.00003   0.00056
   94app (nevro)       0.402      2  -0.00032  -0.00124  -0.00020   0.00016
  235app (nevro)       0.615     11  -0.00025  -0.00111  -0.00013   0.00019
  202app (nevro)       0.000      2  -0.00023  -0.00082   0.00000   0.00000
   61app (nevro)       0.420      2  -0.00022   0.00016   0.00088  -0.00095
   28app (nevro)       0.119      2  -0.00021  -0.00643   0.00079   0.00293
  190app (nevro)       0.000      2  -0.00018  -0.00082   0.00000   0.00010
   79app (nevro)       0.354      2  -0.00018  -0.00045  -0.00050   0.00012
