KOLONNEANALYSE  nett=e1-modell/sd-r2.bin  data=sd-v5  n=60000
delta = oekning i anger naar kolonnen stokkes (hoeyere = viktigere)

PER BLOKK
blokk              kol      alle    foerer    makker   forsvar
app (nevro)        238   0.49730   0.88159   0.08976   0.46214
v1 egne             35   0.03467   0.02396   0.00751   0.05330

DE 40 VIKTIGSTE KOLONNENE
    iblokk              dekn  unike   saliens      alle    foerer    makker   forsvar
  222app (nevro)       0.237      2  0.000008   0.03302   0.08791   0.00129   0.01587
  223app (nevro)       0.241      2  0.000008   0.03289   0.08644   0.00335   0.01550
  220app (nevro)       0.260      2  0.000008   0.02926   0.07921   0.00131   0.01321
  221app (nevro)       0.263      2  0.000008   0.02815   0.07017   0.00099   0.01632
  216app (nevro)       0.225      2  0.000013   0.01143   0.02353   0.00163   0.00894
  212app (nevro)       0.301      2  0.000008   0.01073   0.01327   0.00117   0.01364
  271v1 egne           0.301      2  0.000008   0.01060   0.01579   0.00062   0.01218
  230app (nevro)       0.932     11  0.000011   0.01054   0.03309   0.00235   0.00127
   24app (nevro)       0.136      2  0.000006   0.00989   0.03050   0.00029   0.00238
  213app (nevro)       0.230      2  0.000008   0.00969   0.01210   0.00424   0.01079
   50app (nevro)       0.148      2  0.000006   0.00932   0.02964   0.00142   0.00121
   25app (nevro)       0.130      2  0.000006   0.00886   0.01889   0.00199   0.00622
   36app (nevro)       0.152      2  0.000006   0.00709   0.01791   0.00073   0.00375
  128app (nevro)       0.028      2  0.000009   0.00702   0.00781   0.00071   0.00945
  152app (nevro)       0.026      2  0.000009   0.00655   0.01136   0.00146   0.00610
   38app (nevro)       0.135      2  0.000007   0.00640   0.01692   0.00051   0.00302
  154app (nevro)       0.027      2  0.000009   0.00639   0.00850   0.00226   0.00706
  129app (nevro)       0.036      2  0.000010   0.00638   0.00448   0.00286   0.00909
   51app (nevro)       0.135      2  0.000007   0.00618   0.01214   0.00154   0.00487
  153app (nevro)       0.027      2  0.000009   0.00618   0.00612   0.00241   0.00793
  142app (nevro)       0.034      2  0.000010   0.00614   0.00314   0.00222   0.00966
  115app (nevro)       0.027      2  0.000009   0.00609   0.00615   0.00145   0.00818
  151app (nevro)       0.027      2  0.000009   0.00569   0.01165   0.00202   0.00392
  134app (nevro)       0.026      2  0.000008   0.00560   0.01014   0.00047   0.00533
  114app (nevro)       0.027      2  0.000009   0.00540   0.01003   0.00146   0.00453
   11app (nevro)       0.130      2  0.000006   0.00538   0.01380  -0.00021   0.00307
  141app (nevro)       0.030      2  0.000008   0.00537   0.00769   0.00093   0.00608
   77app (nevro)       0.524      2  0.000004   0.00533   0.01057   0.00080   0.00438
  155app (nevro)       0.033      2  0.000010   0.00529   0.00526   0.00248   0.00659
  140app (nevro)       0.026      2  0.000008   0.00526   0.00685   0.00025   0.00664
  116app (nevro)       0.036      2  0.000010   0.00523  -0.00251   0.00224   0.01107
  127app (nevro)       0.028      2  0.000008   0.00522   0.00930   0.00060   0.00499
  139app (nevro)       0.027      2  0.000009   0.00510   0.00964   0.00097   0.00437
  111app (nevro)       0.029      2  0.000009   0.00510   0.00950   0.00149   0.00421
   37app (nevro)       0.140      2  0.000006   0.00500   0.01113   0.00159   0.00303
   49app (nevro)       0.143      2  0.000005   0.00500   0.01696  -0.00075   0.00072
  147app (nevro)       0.026      2  0.000008   0.00462   0.00774   0.00227   0.00389
  148app (nevro)       0.029      2  0.000008   0.00457   0.00749   0.00246   0.00384
  113app (nevro)       0.027      2  0.000009   0.00456   0.00875   0.00208   0.00327
   23app (nevro)       0.147      2  0.000005   0.00421   0.00946  -0.00038   0.00329

KOLONNER SOM SKADER (negativ delta = nettet blir BEDRE av aa miste dem)
    iblokk              dekn  unike      alle    foerer    makker   forsvar
  263v1 egne           0.931     13  -0.00276  -0.00889   0.00058  -0.00075
   39app (nevro)       0.115      2  -0.00268  -0.00997  -0.00032   0.00044
   91app (nevro)       0.432      2  -0.00256  -0.00713   0.00006  -0.00111
   98app (nevro)       0.385      2  -0.00252  -0.01060  -0.00040   0.00118
   56app (nevro)       0.458      2  -0.00249  -0.00974  -0.00042   0.00074
  232app (nevro)       0.939    100  -0.00232  -0.00567   0.00062  -0.00172
  180app (nevro)       0.004      2  -0.00225  -0.00814   0.00003   0.00012
    5app (nevro)       0.130      2  -0.00216  -0.00936  -0.00008   0.00105
  167app (nevro)       0.004      2  -0.00211  -0.00722  -0.00013  -0.00006
    2app (nevro)       0.114      2  -0.00207  -0.00642  -0.00082  -0.00013
   70app (nevro)       0.460      2  -0.00189  -0.00494  -0.00033  -0.00084
   85app (nevro)       0.379      2  -0.00176  -0.00740  -0.00084   0.00108
  206app (nevro)       0.004      2  -0.00159  -0.00555  -0.00007   0.00000
   99app (nevro)       0.412      2  -0.00139  -0.00724  -0.00051   0.00158
  269v1 egne           0.936     14  -0.00139  -0.00662   0.00085   0.00060
  270v1 egne           1.000     11  -0.00134  -0.00392   0.00053  -0.00071
  101app (nevro)       0.406      2  -0.00126  -0.00883   0.00181   0.00170
  265v1 egne           0.927     13  -0.00121  -0.00636   0.00025   0.00110
   55app (nevro)       0.505      2  -0.00120  -0.00518   0.00009   0.00050
  166app (nevro)       0.002      2  -0.00117  -0.00406   0.00002  -0.00005
  241v1 egne           0.681     11  -0.00105  -0.00364   0.00005  -0.00006
   89app (nevro)       0.439      2  -0.00097  -0.00562  -0.00074   0.00161
  205app (nevro)       0.002      2  -0.00092  -0.00295  -0.00001  -0.00015
  208app (nevro)       0.284      2  -0.00087  -0.00471  -0.00120   0.00150
  242v1 egne           0.830     14  -0.00086  -0.00257  -0.00018  -0.00019
