KOLONNEANALYSE  nett=e1-modell/e1-r1.bin  data=sd-v5  n=60000
delta = oekning i anger naar kolonnen stokkes (hoeyere = viktigere)

PER BLOKK
blokk              kol      alle    foerer    makker   forsvar
app (nevro)        238   0.26461   0.71032   0.11167   0.07725
v1 egne             35   0.02909   0.08428   0.01440   0.00393

DE 40 VIKTIGSTE KOLONNENE
    iblokk              dekn  unike   saliens      alle    foerer    makker   forsvar
   38app (nevro)       0.135      2  0.000009   0.00941   0.02506   0.00288   0.00335
   25app (nevro)       0.130      2  0.000009   0.00673   0.01830   0.00124   0.00256
  213app (nevro)       0.230      2  0.000019   0.00606   0.02312  -0.00058  -0.00076
   95app (nevro)       0.401      2  0.000004   0.00595   0.01776   0.00072   0.00153
   50app (nevro)       0.148      2  0.000009   0.00592   0.01017   0.00234   0.00511
  223app (nevro)       0.241      2  0.000011   0.00578   0.01322   0.00277   0.00287
   51app (nevro)       0.135      2  0.000009   0.00577   0.01233   0.00089   0.00422
   98app (nevro)       0.385      2  0.000004   0.00576   0.02132   0.00198  -0.00149
   12app (nevro)       0.123      2  0.000009   0.00558   0.01771   0.00193   0.00025
   85app (nevro)       0.379      2  0.000004   0.00542   0.01713   0.00071   0.00082
  155app (nevro)       0.033      2  0.000013   0.00535   0.00884   0.00229   0.00474
  267v1 egne           0.939     14  0.000005   0.00517   0.01862   0.00051  -0.00047
  142app (nevro)       0.034      2  0.000012   0.00488   0.01065   0.00101   0.00332
  246v1 egne           0.168      2  0.000005   0.00485   0.00908   0.00044   0.00442
   57app (nevro)       0.412      2  0.000004   0.00481   0.01464   0.00260   0.00014
  216app (nevro)       0.225      2  0.000010   0.00476   0.01821   0.00090  -0.00124
  249v1 egne           0.144      2  0.000005   0.00469   0.01288   0.00110   0.00161
   97app (nevro)       0.406      2  0.000004   0.00447   0.01418   0.00071   0.00058
  114app (nevro)       0.027      2  0.000011   0.00437   0.00992   0.00139   0.00252
   58app (nevro)       0.436      2  0.000004   0.00428   0.01381  -0.00110   0.00124
  214app (nevro)       0.236      2  0.000008   0.00424   0.01155  -0.00013   0.00202
  222app (nevro)       0.237      2  0.000010   0.00424   0.01328   0.00093   0.00053
  154app (nevro)       0.027      2  0.000010   0.00418   0.00745   0.00103   0.00374
  141app (nevro)       0.030      2  0.000012   0.00417   0.01057   0.00077   0.00204
  126app (nevro)       0.026      2  0.000011   0.00402   0.00963   0.00147   0.00194
   37app (nevro)       0.140      2  0.000007   0.00384   0.01467   0.00095  -0.00109
   15app (nevro)       0.129      2  0.000006   0.00383   0.01178   0.00133   0.00038
   63app (nevro)       0.481      2  0.000005   0.00382   0.01007   0.00220   0.00096
   64app (nevro)       0.551      2  0.000005   0.00381   0.01059   0.00054   0.00140
   10app (nevro)       0.137      2  0.000008   0.00381   0.00781   0.00271   0.00201
   23app (nevro)       0.147      2  0.000008   0.00379   0.01107   0.00254   0.00015
    2app (nevro)       0.114      2  0.000006   0.00356   0.01026   0.00103   0.00085
   14app (nevro)       0.133      2  0.000005   0.00343   0.00818   0.00109   0.00176
   65app (nevro)       0.434      2  0.000004   0.00335   0.00639  -0.00006   0.00316
  268v1 egne           0.942     14  0.000005   0.00331   0.01094   0.00146  -0.00026
   92app (nevro)       0.392      2  0.000004   0.00322   0.01231   0.00094  -0.00099
  140app (nevro)       0.026      2  0.000014   0.00322   0.00635  -0.00014   0.00295
   76app (nevro)       0.446      2  0.000006   0.00321   0.01030   0.00093   0.00015
  210app (nevro)       0.238      2  0.000019   0.00311   0.00412   0.00047   0.00374
   89app (nevro)       0.439      2  0.000006   0.00307   0.00707  -0.00036   0.00234

KOLONNER SOM SKADER (negativ delta = nettet blir BEDRE av aa miste dem)
    iblokk              dekn  unike      alle    foerer    makker   forsvar
   40app (nevro)       0.124      2  -0.00390  -0.00672   0.00046  -0.00427
   73app (nevro)       0.419      2  -0.00388  -0.00888   0.00070  -0.00308
  218app (nevro)       0.243      2  -0.00348  -0.00340   0.00018  -0.00519
  167app (nevro)       0.004      2  -0.00342  -0.01231  -0.00006   0.00017
   20app (nevro)       0.147      2  -0.00321  -0.00705  -0.00127  -0.00187
  180app (nevro)       0.004      2  -0.00290  -0.00997   0.00009  -0.00019
   55app (nevro)       0.505      2  -0.00283  -0.00609   0.00113  -0.00276
   99app (nevro)       0.412      2  -0.00253  -0.01441   0.00131   0.00258
  193app (nevro)       0.003      2  -0.00248  -0.00865  -0.00003  -0.00004
   71app (nevro)       0.426      2  -0.00236  -0.00312   0.00055  -0.00326
   90app (nevro)       0.491      2  -0.00226  -0.00454   0.00168  -0.00275
  257v1 egne           0.148      2  -0.00220  -0.00789   0.00077  -0.00028
  206app (nevro)       0.004      2  -0.00218  -0.00837  -0.00002   0.00040
  265v1 egne           0.927     13  -0.00202  -0.00704   0.00044  -0.00024
  212app (nevro)       0.301      2  -0.00171  -0.00284   0.00081  -0.00221
  261v1 egne           0.158      2  -0.00161  -0.00859   0.00083   0.00131
   45app (nevro)       0.134      2  -0.00156  -0.00354   0.00120  -0.00169
   62app (nevro)       0.428      2  -0.00151  -0.00734   0.00046   0.00095
   81app (nevro)       0.373      2  -0.00145  -0.00013   0.00016  -0.00294
  102app (nevro)       0.420      2  -0.00143  -0.00499   0.00065  -0.00033
  239v1 egne           0.669     11  -0.00138  -0.00307   0.00081  -0.00140
  103app (nevro)       0.502      2  -0.00125  -0.00943   0.00091   0.00249
    8app (nevro)       0.143      2  -0.00119  -0.00201   0.00097  -0.00171
  236app (nevro)       0.610     11  -0.00114  -0.00371   0.00008  -0.00021
   61app (nevro)       0.420      2  -0.00113  -0.00259   0.00013  -0.00085
