KOLONNEANALYSE  nett=e1-modell/wred.bin  data=sd-v5  n=60000
delta = oekning i anger naar kolonnen stokkes (hoeyere = viktigere)

PER BLOKK
blokk              kol      alle    foerer    makker   forsvar
app (nevro)        238   0.66602   1.26522   0.15056   0.55618
v1 egne             35   0.07697   0.10979   0.01219   0.08770
v2 vrak/farge        4   0.00207   0.00461   0.00087   0.00115
v2 vrak EN-AV       52   0.00000   0.00000   0.00000   0.00000
v2 korrigert        11   0.00936   0.01667   0.00226   0.00840
v3 telling          16   0.00000   0.00000   0.00000   0.00000

DE 40 VIKTIGSTE KOLONNENE
    iblokk              dekn  unike   saliens      alle    foerer    makker   forsvar
  220app (nevro)       0.260      2  0.000008   0.03580   0.09613  -0.00003   0.01736
  222app (nevro)       0.237      2  0.000007   0.03509   0.09457   0.00076   0.01646
  223app (nevro)       0.241      2  0.000008   0.03486   0.09035   0.00372   0.01708
  221app (nevro)       0.263      2  0.000008   0.03105   0.08621   0.00165   0.01267
  271v1 egne           0.301      2  0.000008   0.01687   0.03151   0.00307   0.01473
   50app (nevro)       0.148      2  0.000007   0.01331   0.03958   0.00355   0.00260
  230app (nevro)       0.932     11  0.000012   0.01308   0.04061   0.00116   0.00265
   38app (nevro)       0.135      2  0.000007   0.01292   0.03330   0.00069   0.00675
  216app (nevro)       0.225      2  0.000012   0.01225   0.02436   0.00609   0.00807
  213app (nevro)       0.230      2  0.000009   0.01217   0.01469   0.00496   0.01403
  212app (nevro)       0.301      2  0.000008   0.01123   0.01853   0.00319   0.01070
   37app (nevro)       0.140      2  0.000006   0.00998   0.02454   0.00136   0.00551
   36app (nevro)       0.152      2  0.000006   0.00924   0.02158   0.00236   0.00527
   24app (nevro)       0.136      2  0.000006   0.00845   0.01847   0.00176   0.00572
  116app (nevro)       0.036      2  0.000011   0.00804   0.00846   0.00259   0.01029
   51app (nevro)       0.135      2  0.000007   0.00797   0.01712   0.00189   0.00546
  129app (nevro)       0.036      2  0.000011   0.00763   0.00504   0.00299   0.01124
   48app (nevro)       0.155      2  0.000005   0.00758   0.01931  -0.00028   0.00440
  114app (nevro)       0.027      2  0.000009   0.00758   0.01359   0.00257   0.00640
  128app (nevro)       0.028      2  0.000010   0.00747   0.00959   0.00122   0.00910
   76app (nevro)       0.446      2  0.000004   0.00736   0.01645  -0.00052   0.00572
   23app (nevro)       0.147      2  0.000005   0.00729   0.01922   0.00130   0.00314
  142app (nevro)       0.034      2  0.000011   0.00716   0.00694   0.00364   0.00890
  215app (nevro)       0.233      2  0.000006   0.00701   0.01120   0.00536   0.00534
  152app (nevro)       0.026      2  0.000009   0.00695   0.01221   0.00153   0.00639
  115app (nevro)       0.027      2  0.000010   0.00687   0.00944   0.00045   0.00832
  141app (nevro)       0.030      2  0.000008   0.00679   0.01099   0.00176   0.00667
  102app (nevro)       0.420      2  0.000004   0.00670   0.01372   0.00265   0.00451
   10app (nevro)       0.137      2  0.000005   0.00663   0.01624   0.00051   0.00388
   49app (nevro)       0.143      2  0.000006   0.00645   0.01657   0.00228   0.00251
  127app (nevro)       0.028      2  0.000009   0.00620   0.00893   0.00058   0.00721
   25app (nevro)       0.130      2  0.000007   0.00615   0.01004   0.00139   0.00608
  153app (nevro)       0.027      2  0.000009   0.00609   0.00692   0.00079   0.00805
   35app (nevro)       0.158      2  0.000005   0.00560   0.01516   0.00005   0.00262
  155app (nevro)       0.033      2  0.000011   0.00555   0.00448   0.00329   0.00721
   63app (nevro)       0.481      2  0.000004   0.00540   0.00707   0.00204   0.00598
   11app (nevro)       0.130      2  0.000006   0.00536   0.01281   0.00172   0.00273
  113app (nevro)       0.027      2  0.000010   0.00506   0.01010   0.00072   0.00415
  103app (nevro)       0.502      2  0.000004   0.00493   0.01297   0.00077   0.00220
  151app (nevro)       0.027      2  0.000009   0.00491   0.00938   0.00134   0.00397

KOLONNER SOM SKADER (negativ delta = nettet blir BEDRE av aa miste dem)
    iblokk              dekn  unike      alle    foerer    makker   forsvar
   42app (nevro)       0.128      2  -0.00269  -0.01133   0.00111   0.00056
  268v1 egne           0.942     14  -0.00238  -0.00977  -0.00083   0.00117
  275v2 vrak/farge     0.163      5  -0.00163  -0.00490   0.00047  -0.00070
   91app (nevro)       0.432      2  -0.00156  -0.00481   0.00049  -0.00063
   45app (nevro)       0.134      2  -0.00147  -0.00693   0.00053   0.00076
    7app (nevro)       0.133      2  -0.00147  -0.00657  -0.00004   0.00083
   19app (nevro)       0.132      2  -0.00144  -0.00182   0.00006  -0.00191
  338v2 korrigert      0.284      2  -0.00126  -0.00706  -0.00037   0.00168
  178app (nevro)       0.001      2  -0.00120  -0.00422  -0.00002   0.00001
   73app (nevro)       0.419      2  -0.00089  -0.00412  -0.00115   0.00109
   58app (nevro)       0.436      2  -0.00087  -0.00743   0.00084   0.00213
   83app (nevro)       0.465      2  -0.00087  -0.00503   0.00014   0.00107
   87app (nevro)       0.341      2  -0.00086  -0.00731   0.00130   0.00188
   17app (nevro)       0.130      2  -0.00078  -0.00204   0.00061  -0.00068
   13app (nevro)       0.118      2  -0.00077  -0.00018  -0.00002  -0.00146
  273v2 vrak/farge     0.162      5  -0.00073  -0.00361   0.00023   0.00048
   67app (nevro)       0.391      2  -0.00072  -0.00197  -0.00031  -0.00018
  246v1 egne           0.168      2  -0.00066  -0.00234  -0.00077   0.00036
   28app (nevro)       0.119      2  -0.00065  -0.00192  -0.00045  -0.00001
   31app (nevro)       0.120      2  -0.00044  -0.00145  -0.00048   0.00016
  236app (nevro)       0.610     11  -0.00040  -0.00291  -0.00001   0.00088
  193app (nevro)       0.003      2  -0.00039  -0.00152  -0.00003   0.00009
   16app (nevro)       0.125      2  -0.00037   0.00113  -0.00108  -0.00092
   27app (nevro)       0.134      2  -0.00035  -0.00161   0.00008   0.00017
   39app (nevro)       0.115      2  -0.00033  -0.00196  -0.00050   0.00068
