# MLB 0.3 — TypeScript mot PyTorch, samme vekter, samme innganger
# 2026-08-09T16:40:45.527Z
# vekter=e1-modell/mlb-trent-kopi.bin ref=e1-modell/mlb-trent-ref.bin rader=64 dim=1032
# form: {"stamme":[[1032,1024],[1024,768],[768,512]],"policy":[[512,68]],"verdi":[[512,1]],"tro":[[512,208]]}
# parametre: stamme=2238720 policy=34884 verdi=513 tro=106704 SUM=2380821
# rad	hode	maksAbs	maksRel	skala
0	policy	4.470e-7	1.784e-7	2.5060
0	verdi	1.907e-6	6.189e-8	30.8194
0	tro	1.907e-6	1.694e-7	11.2609
1	policy	5.960e-8	1.629e-7	0.3659
1	verdi	4.768e-7	2.523e-7	1.8898
1	tro	2.086e-7	2.428e-7	0.8591
2	policy	1.192e-7	1.341e-7	0.8889
2	verdi	0.000e+0	0.000e+0	3.2901
2	tro	7.153e-7	2.234e-7	3.2014
3	policy	5.588e-8	2.105e-7	0.2655
3	verdi	0.000e+0	0.000e+0	3.7653
3	tro	1.788e-7	1.638e-7	1.0914
4	policy	3.725e-8	1.891e-7	0.1970
4	verdi	4.768e-7	1.749e-7	2.7258
4	tro	2.384e-7	2.863e-7	0.8327
5	policy	4.768e-7	2.046e-7	2.3307
5	verdi	0.000e+0	0.000e+0	30.4032
5	tro	1.907e-6	1.834e-7	10.4025
6	policy	7.153e-7	3.123e-7	2.2902
6	verdi	1.907e-6	6.231e-8	30.6089
6	tro	2.146e-6	2.139e-7	10.0339
7	policy	4.768e-7	1.933e-7	2.4671
7	verdi	3.815e-6	1.266e-7	30.1380
7	tro	1.669e-6	1.761e-7	9.4795
8	policy	3.576e-7	1.489e-7	2.4017
8	verdi	0.000e+0	0.000e+0	30.7524
8	tro	1.907e-6	1.687e-7	11.3076
9	policy	1.192e-7	2.185e-7	0.5456
9	verdi	4.768e-7	2.376e-7	2.0066
9	tro	3.278e-7	1.176e-7	2.7871
10	policy	1.192e-7	1.946e-7	0.6127
10	verdi	0.000e+0	0.000e+0	2.0506
10	tro	4.768e-7	1.493e-7	3.1941
11	policy	1.937e-7	2.451e-7	0.7903
11	verdi	7.153e-7	2.470e-7	2.8953
11	tro	7.153e-7	1.916e-7	3.7336
12	policy	2.086e-7	2.264e-7	0.9215
12	verdi	7.153e-7	2.553e-7	2.8014
12	tro	1.192e-6	3.065e-7	3.8898
13	policy	3.874e-7	2.340e-7	1.6554
13	verdi	0.000e+0	0.000e+0	2.6985
13	tro	2.861e-6	3.056e-7	9.3617
14	policy	4.768e-7	1.936e-7	2.4629
14	verdi	1.907e-6	6.122e-8	31.1578
14	tro	1.907e-6	1.648e-7	11.5708
15	policy	9.686e-8	2.805e-7	0.3453
15	verdi	4.768e-7	9.189e-8	5.1891
15	tro	2.384e-7	2.456e-7	0.9708
16	policy	6.333e-8	2.138e-7	0.2962
16	verdi	2.384e-7	6.443e-8	3.7004
16	tro	2.086e-7	2.610e-7	0.7993
17	policy	7.451e-8	2.266e-7	0.3288
17	verdi	4.768e-7	1.382e-7	3.4491
17	tro	1.770e-7	2.830e-7	0.6252
18	policy	2.980e-7	3.771e-7	0.7903
18	verdi	3.576e-7	2.511e-7	1.4244
18	tro	9.537e-7	2.906e-7	3.2818
19	policy	5.960e-8	2.935e-7	0.2031
19	verdi	5.960e-7	5.311e-7	1.1223
19	tro	1.863e-7	1.996e-7	0.9330
20	policy	3.576e-7	1.415e-7	2.5265
20	verdi	3.815e-6	1.236e-7	30.8530
20	tro	1.907e-6	1.767e-7	10.7958
21	policy	1.788e-7	2.263e-7	0.7903
21	verdi	0.000e+0	0.000e+0	2.0648
21	tro	4.768e-7	1.301e-7	3.6658
22	policy	1.788e-7	2.307e-7	0.7751
22	verdi	2.384e-7	9.815e-8	2.4292
22	tro	7.153e-7	1.994e-7	3.5862
23	policy	2.384e-7	2.333e-7	1.0218
23	verdi	2.146e-6	6.362e-7	3.3727
23	tro	1.431e-6	2.008e-7	7.1226
24	policy	4.768e-7	2.017e-7	2.3644
24	verdi	1.907e-6	6.265e-8	30.4443
24	tro	1.907e-6	1.706e-7	11.1816
25	policy	5.960e-7	2.492e-7	2.3921
25	verdi	1.907e-6	6.192e-8	30.8045
25	tro	1.907e-6	1.687e-7	11.3054
26	policy	5.215e-8	2.650e-7	0.1968
26	verdi	2.980e-7	4.675e-7	0.6375
26	tro	2.384e-7	2.263e-7	1.0534
27	policy	5.960e-8	2.623e-7	0.2272
27	verdi	0.000e+0	0.000e+0	2.9234
27	tro	2.384e-7	2.536e-7	0.9402
28	policy	6.706e-8	2.885e-7	0.2324
28	verdi	4.768e-7	2.521e-7	1.8916
28	tro	1.788e-7	1.820e-7	0.9825
29	policy	1.192e-7	1.601e-7	0.7448
29	verdi	3.576e-7	2.373e-7	1.5069
29	tro	6.855e-7	2.735e-7	2.5066
30	policy	3.576e-7	3.297e-7	1.0846
30	verdi	2.384e-7	9.692e-8	2.4599
30	tro	9.537e-7	2.101e-7	4.5396
31	policy	4.768e-7	1.837e-7	2.5958
31	verdi	1.907e-6	6.171e-8	30.9088
31	tro	2.384e-6	2.742e-7	8.6941
32	policy	3.576e-7	1.890e-7	1.8917
32	verdi	1.907e-6	7.755e-8	24.5956
32	tro	9.537e-7	1.049e-7	9.0914
33	policy	2.384e-7	1.250e-7	1.9070
33	verdi	3.815e-6	1.549e-7	24.6232
33	tro	1.907e-6	2.093e-7	9.1138
34	policy	5.960e-8	2.158e-7	0.2762
34	verdi	5.960e-7	3.322e-7	1.7943
34	tro	2.980e-7	2.646e-7	1.1263
35	policy	1.788e-7	1.892e-7	0.9450
35	verdi	0.000e+0	0.000e+0	12.9576
35	tro	3.576e-7	1.580e-7	2.2633
36	policy	8.941e-8	2.249e-7	0.3975
36	verdi	7.153e-7	3.539e-7	2.0212
36	tro	2.980e-7	2.250e-7	1.3244
37	policy	2.384e-7	3.055e-7	0.7803
37	verdi	0.000e+0	0.000e+0	2.8380
37	tro	7.153e-7	2.082e-7	3.4349
38	policy	1.788e-7	3.419e-7	0.5231
38	verdi	3.278e-7	1.001e-6	0.3275
38	tro	7.153e-7	2.280e-7	3.1377
39	policy	2.980e-7	2.304e-7	1.2937
39	verdi	1.907e-6	1.491e-7	12.7923
39	tro	1.431e-6	2.784e-7	5.1386
40	policy	2.980e-7	2.394e-7	1.2447
40	verdi	2.384e-7	8.942e-8	2.6664
40	tro	1.907e-6	1.974e-7	9.6632
41	policy	3.576e-7	3.583e-7	0.9980
41	verdi	1.669e-6	1.185e-6	1.4083
41	tro	9.537e-7	1.157e-7	8.2409
42	policy	4.768e-7	2.042e-7	2.3354
42	verdi	1.907e-6	6.323e-8	30.1658
42	tro	1.907e-6	1.761e-7	10.8285
43	policy	8.941e-8	4.008e-7	0.2231
43	verdi	3.576e-7	1.830e-7	1.9540
43	tro	2.980e-7	4.060e-7	0.7341
44	policy	3.278e-7	1.221e-7	2.6845
44	verdi	0.000e+0	0.000e+0	30.1175
44	tro	1.431e-6	1.476e-7	9.6916
45	policy	2.980e-7	3.241e-7	0.9195
45	verdi	2.384e-7	2.065e-7	1.1545
45	tro	1.907e-6	2.997e-7	6.3633
46	policy	7.749e-7	3.548e-7	2.1842
46	verdi	0.000e+0	0.000e+0	30.4241
46	tro	1.907e-6	1.984e-7	9.6141
47	policy	3.576e-7	3.531e-7	1.0128
47	verdi	1.192e-7	1.454e-7	0.8200
47	tro	9.537e-7	2.350e-7	4.0583
48	policy	2.980e-7	2.387e-7	1.2484
48	verdi	5.960e-8	7.581e-8	0.7863
48	tro	9.537e-7	2.208e-7	4.3193
49	policy	2.682e-7	1.097e-7	2.4459
49	verdi	1.907e-6	6.189e-8	30.8163
49	tro	1.907e-6	1.684e-7	11.3251
50	policy	4.768e-7	1.978e-7	2.4109
50	verdi	0.000e+0	0.000e+0	30.9521
50	tro	1.907e-6	1.705e-7	11.1880
51	policy	1.192e-7	2.331e-7	0.5114
51	verdi	2.384e-7	6.409e-8	3.7199
51	tro	5.960e-7	2.751e-7	2.1670
52	policy	1.192e-7	1.215e-7	0.9814
52	verdi	5.960e-7	3.616e-7	1.6484
52	tro	9.537e-7	2.693e-7	3.5417
53	policy	2.086e-7	2.635e-7	0.7916
53	verdi	1.192e-7	6.288e-8	1.8958
53	tro	9.537e-7	2.300e-7	4.1472
54	policy	3.576e-7	1.700e-7	2.1031
54	verdi	1.192e-7	1.205e-7	0.9893
54	tro	3.815e-6	3.010e-7	12.6750
55	policy	3.278e-7	1.323e-7	2.4787
55	verdi	0.000e+0	0.000e+0	1.9829
55	tro	2.861e-6	2.760e-7	10.3645
56	policy	1.788e-7	1.539e-7	1.1617
56	verdi	4.768e-7	7.508e-8	6.3510
56	tro	1.907e-6	2.003e-7	9.5209
57	policy	1.788e-7	1.873e-7	0.9545
57	verdi	9.537e-7	1.156e-7	8.2483
57	tro	9.537e-7	2.979e-7	3.2018
58	policy	1.788e-7	2.150e-7	0.8319
58	verdi	9.537e-7	9.307e-8	10.2466
58	tro	1.907e-6	2.526e-7	7.5514
59	policy	3.576e-7	2.763e-7	1.2944
59	verdi	9.537e-7	1.035e-7	9.2115
59	tro	1.907e-6	1.825e-7	10.4540
60	policy	3.576e-7	3.559e-7	1.0047
60	verdi	0.000e+0	0.000e+0	13.4524
60	tro	9.537e-7	1.179e-7	8.0917
61	policy	6.706e-8	2.702e-7	0.2482
61	verdi	0.000e+0	0.000e+0	3.2570
61	tro	1.937e-7	2.387e-7	0.8116
62	policy	1.192e-7	2.285e-7	0.5217
62	verdi	2.384e-7	6.344e-8	3.7580
62	tro	9.537e-7	2.197e-7	4.3417
63	policy	1.788e-7	2.768e-7	0.6461
63	verdi	0.000e+0	0.000e+0	4.0015
63	tro	9.537e-7	3.000e-7	3.1791

# ---- OPPSUMMERING (64 rader) ----
# policy  maks abs 8.941e-8  maks rel 4.008e-7  (rad 43, plass 60: TS 0.147284627 mot PyTorch 0.147284716)
# verdi   maks abs 1.669e-6  maks rel 1.185e-6  (rad 41, plass 0: TS -1.40826905 mot PyTorch -1.40826738)
# tro     maks abs 2.980e-7  maks rel 4.060e-7  (rad 43, plass 33: TS -0.421697825 mot PyTorch -0.421697527)
# TERSKEL 1.0e-4 relativt — verst målt 1.185e-6
# LIKE innenfor toleransen. Avviket er summeringsrekkefølge (float64 med nulldropp i TS mot float32 + FMA i PyTorch), ikke ulike vekter.
