# MLB trekkbygger — kostnad per beslutning
# 2026-08-09T16:09:06.180Z  giver=8 målPoeng=30 tro=e1-modell/mlb-tro.bin
# TREKK_LENGDE=1032 MIKRO=273 KONVENSJON=71 regler=17
# kamp	fase	lovlige	ms_total	ms_mikro	ms_konvensjon
0	BUD	0	4.1984	0.0503	0.0005
0	BUD	0	2.8621	0.0510	0.0005
0	BUD	0	1.4175	0.0284	0.0004
0	BUD	0	0.8831	0.0333	0.0004
0	VRAK	0	0.9226	0.0409	0.0003
0	VELG	0	0.9050	0.0267	0.0004
0	SPILL	5	1.1019	0.0226	0.1069
0	SPILL	1	0.6535	0.0230	0.0005
0	SPILL	2	0.8132	0.0201	0.0749
0	SPILL	3	0.6783	0.0191	0.0357
0	SPILL	11	0.7843	0.0199	0.0653
0	SPILL	1	0.5206	0.0170	0.0002
0	SPILL	2	0.5564	0.0189	0.0208
0	SPILL	4	0.5931	0.0185	0.0356
0	SPILL	10	0.6954	0.0195	0.1055
0	SPILL	1	0.5532	0.0195	0.0003
0	SPILL	10	0.8972	0.0257	0.2498
0	SPILL	1	0.6006	0.0236	0.0003
0	SPILL	9	0.5997	0.0212	0.0224
0	SPILL	2	0.7123	0.0229	0.0143
0	SPILL	5	1.2083	0.0221	0.2659
0	SPILL	9	0.6940	0.0176	0.0756
0	SPILL	8	0.6762	0.0205	0.0470
0	SPILL	4	1.4442	0.0253	0.1412
0	SPILL	4	0.7228	0.0194	0.0368
0	SPILL	1	0.7056	0.0207	0.0002
0	SPILL	7	0.5881	0.0193	0.0197
0	SPILL	7	0.6462	0.0179	0.0397
0	SPILL	2	0.7735	0.0202	0.0625
0	SPILL	1	0.5938	0.0189	0.0002
0	SPILL	6	0.5768	0.0177	0.0251
0	SPILL	3	0.6532	0.0177	0.0902
0	SPILL	3	0.6341	0.0191	0.0192
0	SPILL	6	0.8119	0.0454	0.2031
0	SPILL	5	0.5811	0.0184	0.0152
0	SPILL	5	0.7328	0.0197	0.1784
0	SPILL	2	0.6165	0.0235	0.0196
0	SPILL	2	0.6893	0.0268	0.0631
0	SPILL	4	0.7726	0.0333	0.0268
0	SPILL	1	0.6738	0.0350	0.0014
0	SPILL	1	0.5606	0.0201	0.0002
0	SPILL	4	0.5573	0.0183	0.0457
0	SPILL	3	0.5756	0.0215	0.0113
0	SPILL	2	0.6350	0.0252	0.0491
0	SPILL	3	0.5688	0.0176	0.0174
0	SPILL	2	0.6206	0.0187	0.0120
0	SPILL	2	0.9260	0.0279	0.0108
0	SPILL	1	0.5721	0.0195	0.0002
0	SPILL	2	0.5753	0.0186	0.0114
0	SPILL	1	0.5525	0.0181	0.0002
0	SPILL	1	0.5355	0.0183	0.0001
0	SPILL	1	0.5399	0.0187	0.0003
0	SPILL	1	0.5194	0.0189	0.0002
0	SPILL	1	0.5251	0.0202	0.0002
0	BUD	0	0.6341	0.0171	0.0003
0	BUD	0	0.5954	0.0143	0.0002
0	BUD	0	0.4154	0.0135	0.0001
0	BUD	0	0.4007	0.0131	0.0001
0	VRAK	0	0.4530	0.0135	0.0001
0	VELG	0	0.4649	0.0267	0.0001
0	SPILL	6	0.6395	0.0167	0.0650
0	SPILL	2	0.6605	0.0241	0.0335
0	SPILL	1	0.6419	0.0158	0.0002
0	SPILL	2	0.5516	0.0153	0.0214
0	SPILL	11	0.4984	0.0139	0.0422
0	SPILL	1	0.4477	0.0146	0.0001
0	SPILL	5	0.4974	0.0182	0.0318
0	SPILL	1	0.4662	0.0240	0.0002
0	SPILL	10	0.6090	0.0178	0.1052
0	SPILL	5	0.5118	0.0147	0.0615
0	SPILL	1	0.4883	0.0154	0.0002
0	SPILL	3	0.7920	0.0172	0.1422
0	SPILL	9	0.5568	0.0161	0.0157
0	SPILL	9	0.6426	0.0165	0.0675
0	SPILL	2	0.5314	0.0153	0.0235
0	SPILL	3	0.7259	0.0196	0.0975
0	SPILL	8	0.5157	0.0141	0.0214
0	SPILL	3	0.5972	0.0146	0.0218
0	SPILL	8	0.7960	0.0139	0.2486
0	SPILL	3	0.6144	0.0139	0.0327
0	SPILL	7	0.5942	0.0144	0.0226
0	SPILL	7	0.6281	0.0215	0.0540
0	SPILL	1	0.5457	0.0153	0.0002
0	SPILL	2	0.5295	0.0229	0.0114
0	SPILL	6	0.5665	0.0150	0.0962
0	SPILL	2	0.5810	0.0152	0.0127
0	SPILL	4	0.6853	0.0159	0.1414
0	SPILL	4	0.5579	0.0149	0.0166
0	SPILL	5	0.5616	0.0151	0.0103
0	SPILL	5	0.5382	0.0150	0.0203
0	SPILL	1	0.5286	0.0163	0.0002
0	SPILL	3	0.6565	0.0168	0.1232
0	SPILL	4	0.5948	0.0324	0.0762
0	SPILL	4	0.8571	0.0174	0.0236
0	SPILL	4	0.6598	0.0156	0.1300
0	SPILL	4	0.5521	0.0155	0.0235
0	SPILL	3	0.6262	0.0166	0.0419
0	SPILL	3	0.5590	0.0158	0.0199
0	SPILL	3	0.6349	0.0161	0.1156
0	SPILL	3	0.6117	0.0175	0.0206
0	SPILL	2	0.5850	0.0153	0.0233
0	SPILL	2	0.5546	0.0162	0.0137
0	SPILL	2	0.6982	0.1273	0.0640
0	SPILL	2	0.7413	0.0177	0.0139
0	SPILL	1	0.6111	0.0172	0.0002
0	SPILL	1	0.5627	0.0192	0.0002
0	SPILL	1	0.5394	0.0183	0.0002
0	SPILL	1	0.5767	0.0190	0.0002
0	BUD	0	0.4536	0.0111	0.0001
0	BUD	0	0.4421	0.0124	0.0001
0	BUD	0	0.4180	0.0103	0.0001
0	BUD	0	0.3967	0.0111	0.0001
0	BUD	0	0.4213	0.0104	0.0002
0	VRAK	0	0.4080	0.0111	0.0002
0	VELG	0	0.4146	0.0100	0.0001
0	SPILL	7	0.5250	0.0115	0.0631
0	SPILL	3	0.5236	0.0151	0.0341
0	SPILL	1	0.5001	0.0122	0.0002
0	SPILL	2	0.4881	0.0114	0.0184
0	SPILL	11	0.5578	0.0133	0.2262
0	SPILL	5	0.6046	0.0150	0.0350
0	SPILL	3	0.5223	0.0115	0.0359
0	SPILL	2	0.4983	0.0112	0.0121
0	SPILL	10	0.5312	0.0123	0.0191
0	SPILL	3	0.4860	0.0111	0.0144
0	SPILL	3	0.4923	0.0109	0.0149
0	SPILL	10	0.5509	0.0128	0.0485
0	SPILL	9	0.6706	0.0131	0.0740
0	SPILL	2	0.5208	0.0135	0.0133
0	SPILL	9	0.7663	0.0232	0.3083
0	SPILL	1	0.5477	0.0265	0.0002
0	SPILL	8	0.6063	0.0121	0.0723
0	SPILL	1	0.4749	0.0130	0.0001
0	SPILL	8	0.7593	0.0135	0.2842
0	SPILL	8	0.6552	0.0162	0.0550
0	SPILL	7	0.6174	0.0239	0.0458
0	SPILL	2	0.5671	0.0209	0.0116
0	SPILL	6	0.5426	0.0131	0.0265
0	SPILL	2	0.5267	0.0165	0.0117
0	SPILL	6	0.5187	0.0130	0.0113
0	SPILL	3	0.5595	0.0163	0.0128
0	SPILL	2	0.5351	0.0139	0.0122
0	SPILL	1	0.7104	0.0138	0.0002
0	SPILL	5	0.5235	0.0143	0.0098
0	SPILL	5	0.5258	0.0133	0.0180
0	SPILL	4	0.5846	0.0143	0.0224
0	SPILL	5	1.1289	0.0500	0.2501
0	SPILL	4	0.6225	0.0142	0.0316
0	SPILL	4	0.7166	0.0147	0.0214
0	SPILL	4	0.6398	0.0139	0.1087
0	SPILL	4	0.5515	0.0137	0.0210
0	SPILL	3	0.5487	0.0134	0.0203
0	SPILL	3	0.5652	0.0137	0.0154
0	SPILL	3	0.5908	0.0137	0.0948
0	SPILL	3	0.5688	0.0139	0.0156
0	SPILL	2	0.6136	0.0142	0.0081
0	SPILL	2	0.5556	0.0146	0.0101
0	SPILL	2	0.5859	0.0230	0.0447
0	SPILL	2	0.5577	0.0148	0.0115
0	SPILL	1	0.5510	0.0161	0.0002
0	SPILL	1	0.5577	0.0155	0.0002
0	SPILL	1	0.5468	0.0163	0.0001
0	SPILL	1	0.5601	0.0164	0.0002
0	BUD	0	0.4627	0.0113	0.0002
0	BUD	0	0.4901	0.0107	0.0002
0	BUD	0	0.3868	0.0103	0.0002
0	BUD	0	0.3772	0.0109	0.0002
0	BUD	0	0.3706	0.0098	0.0001
0	VRAK	0	0.3845	0.0128	0.0001
0	VELG	0	0.4032	0.0103	0.0001
0	SPILL	7	0.4526	0.0117	0.0453
0	SPILL	3	0.4380	0.0101	0.0374
0	SPILL	12	0.7719	0.0136	0.1159
0	SPILL	1	0.4760	0.0118	0.0001
0	SPILL	11	0.5167	0.0124	0.0316
0	SPILL	6	0.6332	0.0272	0.1492
0	SPILL	2	0.5146	0.0183	0.0140
0	SPILL	11	0.5576	0.0112	0.0866
0	SPILL	10	0.5632	0.0110	0.0621
0	SPILL	1	0.4724	0.0111	0.0002
0	SPILL	10	0.5554	0.0109	0.0687
0	SPILL	1	0.4825	0.0115	0.0002
0	SPILL	9	0.4850	0.0121	0.0165
0	SPILL	3	0.5915	0.0110	0.0742
0	SPILL	4	0.5367	0.0120	0.0156
0	SPILL	2	0.5867	0.0107	0.0551
0	SPILL	8	0.5030	0.0113	0.0140
0	SPILL	4	0.5841	0.0108	0.1333
0	SPILL	3	0.5519	0.0117	0.0127
0	SPILL	2	0.8741	0.0560	0.0615
0	SPILL	7	0.5294	0.0117	0.0127
0	SPILL	7	0.7239	0.0130	0.1434
0	SPILL	3	0.5238	0.0112	0.0154
0	SPILL	3	0.5050	0.0107	0.0158
0	SPILL	6	0.5098	0.0110	0.0410
0	SPILL	6	0.5116	0.0187	0.0315
0	SPILL	6	0.7259	0.0197	0.0396
0	SPILL	6	0.6439	0.0117	0.1519
0	SPILL	5	0.5289	0.0108	0.0298
0	SPILL	5	0.5125	0.0117	0.0247
0	SPILL	5	0.5057	0.0114	0.0252
0	SPILL	5	0.6155	0.0119	0.1081
0	SPILL	4	0.5011	0.0117	0.0237
0	SPILL	4	0.5101	0.0132	0.0190
0	SPILL	4	0.4999	0.0201	0.0203
0	SPILL	4	0.6062	0.0121	0.0852
0	SPILL	3	0.5681	0.0125	0.0100
0	SPILL	1	0.5189	0.0136	0.0002
0	SPILL	2	0.5203	0.0123	0.0101
0	SPILL	1	0.4993	0.0126	0.0002
0	SPILL	2	0.4917	0.0344	0.0079
0	SPILL	2	0.4974	0.0135	0.0099
0	SPILL	2	0.5211	0.0121	0.0098
0	SPILL	1	0.5130	0.0131	0.0001
0	SPILL	1	0.5071	0.0135	0.0002
0	SPILL	1	0.4974	0.0142	0.0002
0	SPILL	1	0.5090	0.0146	0.0002
0	SPILL	1	0.5073	0.0148	0.0002
0	BUD	0	0.4089	0.0095	0.0002
0	BUD	0	0.4247	0.0097	0.0002
0	BUD	0	0.4569	0.0106	0.0001
0	BUD	0	0.4441	0.0109	0.0002
0	VRAK	0	0.3781	0.0098	0.0001
0	VELG	0	0.3994	0.0094	0.0001
0	SPILL	5	0.4266	0.0095	0.0522
0	SPILL	2	0.4619	0.0092	0.0126
0	SPILL	1	0.4340	0.0095	0.0001
0	SPILL	2	0.4350	0.0093	0.3437
0	SPILL	11	0.5869	0.0113	0.0283
0	SPILL	1	0.4886	0.0102	0.0002
0	SPILL	4	0.5200	0.0121	0.0153
0	SPILL	1	0.4428	0.0109	0.0002
0	SPILL	10	0.5639	0.0146	0.0460
0	SPILL	5	0.8384	0.0103	0.0200
0	SPILL	2	0.4603	0.0102	0.0104
0	SPILL	3	0.5318	0.0095	0.0739
0	SPILL	9	0.4587	0.0109	0.0155
0	SPILL	1	0.4693	0.0111	0.0002
0	SPILL	2	0.5453	0.0121	0.0483
0	SPILL	1	0.4778	0.0115	0.0001
0	SPILL	8	0.5670	0.0181	0.0757
0	SPILL	1	0.6342	0.0139	0.0002
0	SPILL	3	0.6131	0.0107	0.0675
0	SPILL	4	0.5530	0.0101	0.0211
0	SPILL	7	0.6008	0.0154	0.0150
0	SPILL	3	0.5387	0.0102	0.0147
0	SPILL	7	0.8595	0.0109	0.1453
0	SPILL	4	0.5169	0.0096	0.0193
0	SPILL	6	0.5310	0.0090	0.0486
0	SPILL	6	0.5237	0.0093	0.0302
0	SPILL	2	0.5415	0.0098	0.0471
0	SPILL	3	0.5000	0.0167	0.0157
0	SPILL	5	0.5869	0.0106	0.0421
0	SPILL	5	0.5710	0.0192	0.0257
0	SPILL	1	0.5176	0.0117	0.0001
0	SPILL	2	0.5007	0.0118	0.0082
0	SPILL	4	0.4948	0.0101	0.0078
0	SPILL	2	0.5209	0.0103	0.0077
0	SPILL	4	0.5144	0.0424	0.0199
0	SPILL	4	0.7294	0.0111	0.0978
0	SPILL	3	0.8474	0.0118	0.0289
0	SPILL	3	0.5160	0.0105	0.0166
0	SPILL	3	0.5659	0.0104	0.0663
0	SPILL	3	0.5094	0.0103	0.0162
0	SPILL	2	0.5165	0.0105	0.0085
0	SPILL	2	0.4939	0.0104	0.0112
0	SPILL	2	0.5458	0.0102	0.0367
0	SPILL	2	0.5200	0.0110	0.0114
0	SPILL	1	0.5243	0.0123	0.0002
0	SPILL	1	0.5043	0.0119	0.0001
0	SPILL	1	0.5046	0.0125	0.0001
0	SPILL	1	0.5194	0.0130	0.0001
0	BUD	0	0.4163	0.0081	0.0001
0	BUD	0	0.4007	0.0077	0.0001
0	BUD	0	0.3993	0.0077	0.0002
0	BUD	0	0.3744	0.0079	0.0002
0	VRAK	0	0.4251	0.0096	0.0001
0	VELG	0	0.4296	0.0075	0.0001
0	SPILL	6	0.4510	0.0076	0.0428
0	SPILL	2	0.4222	0.0074	0.0131
0	SPILL	12	0.5524	0.0092	0.1202
0	SPILL	1	0.4151	0.0083	0.0001
0	SPILL	11	0.4638	0.0084	0.0266
0	SPILL	5	0.5794	0.0089	0.1202
0	SPILL	1	0.4579	0.0088	0.0003
0	SPILL	11	0.5105	0.0084	0.0849
0	SPILL	10	0.4836	0.0082	0.0528
0	SPILL	10	0.5144	0.0087	0.0662
0	SPILL	10	0.5430	0.0107	0.0644
0	SPILL	3	0.5807	0.0087	0.2543
0	SPILL	9	0.5292	0.0095	0.0184
0	SPILL	9	0.7385	0.0099	0.1850
0	SPILL	4	0.5041	0.0095	0.0209
0	SPILL	3	0.4844	0.0092	0.0150
0	SPILL	8	0.4939	0.0090	0.0366
0	SPILL	2	0.4778	0.0094	0.0098
0	SPILL	3	0.4845	0.0093	0.0113
0	SPILL	3	0.5069	0.0094	0.0157
0	SPILL	7	0.4798	0.0099	0.0246
0	SPILL	2	0.4965	0.0110	0.0085
0	SPILL	7	0.6346	0.0111	0.1556
0	SPILL	3	0.4990	0.0101	0.0154
0	SPILL	6	0.5229	0.0097	0.0236
0	SPILL	1	0.5114	0.0114	0.0015
0	SPILL	2	0.5147	0.0104	0.0096
0	SPILL	2	0.5717	0.0099	0.0727
0	SPILL	5	0.5559	0.0096	0.0211
0	SPILL	5	0.6849	0.0107	0.0225
0	SPILL	1	0.5540	0.0119	0.0001
0	SPILL	1	0.5128	0.0118	0.0001
0	SPILL	4	0.5028	0.0112	0.0070
0	SPILL	1	0.5048	0.0113	0.0001
0	SPILL	4	0.5875	0.0196	0.0755
0	SPILL	1	0.4966	0.0117	0.0002
0	SPILL	3	0.5026	0.0108	0.0088
0	SPILL	3	0.5103	0.0105	0.0130
0	SPILL	3	0.5232	0.0109	0.0128
0	SPILL	1	0.5233	0.0127	0.0001
0	SPILL	2	0.5237	0.0152	0.0059
0	SPILL	2	0.5511	0.0105	0.0089
0	SPILL	2	0.5277	0.0106	0.0089
0	SPILL	2	0.5884	0.0104	0.0363
0	SPILL	1	0.5284	0.0116	0.0001
0	SPILL	1	0.7393	0.0166	0.0001
0	SPILL	1	0.5099	0.0129	0.0001
0	SPILL	1	0.5003	0.0124	0.0001
0	BUD	0	0.5245	0.0809	0.0002
0	BUD	0	0.5786	0.0128	0.0001
0	BUD	0	0.4702	0.0102	0.0002
0	BUD	0	0.4520	0.0091	0.0001
0	VRAK	0	0.4423	0.0093	0.0001
0	VELG	0	0.4426	0.0087	0.0002
0	SPILL	5	0.6143	0.0099	0.0380
0	SPILL	2	0.5213	0.0086	0.0139
0	SPILL	3	0.5229	0.0084	0.0184
0	SPILL	1	0.4780	0.0098	0.0001
0	SPILL	11	0.5508	0.0343	0.0312
0	SPILL	4	0.6274	0.0212	0.0927
0	SPILL	1	0.5219	0.0097	0.0001
0	SPILL	2	0.4973	0.0090	0.0092
0	SPILL	10	0.5892	0.0130	0.0571
0	SPILL	3	0.6424	0.0131	0.0151
0	SPILL	4	0.6732	0.0086	0.1001
0	SPILL	2	0.6332	0.0099	0.0084
0	SPILL	9	0.4825	0.0083	0.0143
0	SPILL	3	0.5220	0.0085	0.0618
0	SPILL	2	0.4723	0.0211	0.0088
0	SPILL	3	0.5266	0.0087	0.0848
0	SPILL	8	0.4631	0.0176	0.0128
0	SPILL	2	0.5026	0.0088	0.0518
0	SPILL	8	0.4743	0.0189	0.0233
0	SPILL	2	0.5026	0.0093	0.0419
0	SPILL	7	0.4845	0.0101	0.0103
0	SPILL	7	0.5963	0.0088	0.1343
0	SPILL	2	0.6651	0.0110	0.0092
0	SPILL	3	0.4817	0.0098	0.0142
0	SPILL	6	0.5323	0.0095	0.0304
0	SPILL	6	0.4976	0.0096	0.0281
0	SPILL	1	0.4664	0.0102	0.0001
0	SPILL	6	0.6221	0.0104	0.1309
0	SPILL	5	0.4803	0.0100	0.0217
0	SPILL	5	0.4781	0.0096	0.0153
0	SPILL	2	0.4960	0.0094	0.0081
0	SPILL	3	0.5662	0.0105	0.0095
0	SPILL	4	0.4901	0.0111	0.0068
0	SPILL	2	0.5125	0.0110	0.0401
0	SPILL	4	0.4870	0.0101	0.0189
0	SPILL	1	0.4778	0.0106	0.0001
0	SPILL	3	0.4847	0.0117	0.0070
0	SPILL	1	0.4865	0.0130	0.0001
0	SPILL	3	0.4885	0.0121	0.0137
0	SPILL	3	0.4961	0.0118	0.0128
0	SPILL	2	0.4997	0.0108	0.0155
0	SPILL	2	0.4948	0.0105	0.0085
0	SPILL	2	0.5110	0.0122	0.0086
0	SPILL	2	0.5307	0.0111	0.0376
0	SPILL	1	0.4897	0.0120	0.0002
0	SPILL	1	0.5579	0.0138	0.0001
0	SPILL	1	0.5074	0.0126	0.0001
0	SPILL	1	0.4937	0.0132	0.0001
0	BUD	0	0.7067	0.0182	0.0002
0	BUD	0	0.7348	0.0110	0.0001
0	BUD	0	0.6393	0.0088	0.0001
0	BUD	0	0.4278	0.0082	0.0001
0	VRAK	0	0.3958	0.0085	0.0001
0	VELG	0	0.4072	0.0074	0.0001
0	SPILL	6	0.5553	0.0088	0.0435
0	SPILL	1	0.4144	0.0085	0.0001
0	SPILL	2	0.4647	0.0090	0.0121
0	SPILL	2	0.4526	0.0077	0.0119
0	SPILL	11	0.4460	0.0077	0.0198
0	SPILL	1	0.4195	0.0092	0.0000
0	SPILL	1	0.6358	0.0138	0.0001
0	SPILL	5	0.4637	0.0093	0.0151
0	SPILL	10	0.4873	0.0072	0.0475
0	SPILL	1	0.4400	0.0104	0.0001
0	SPILL	10	0.4819	0.0095	0.0638
0	SPILL	10	0.4902	0.0082	0.0655
0	SPILL	9	0.4913	0.0083	0.0403
0	SPILL	9	0.6691	0.0083	0.2182
0	SPILL	9	0.4856	0.0086	0.0514
0	SPILL	9	0.4983	0.0084	0.0556
0	SPILL	8	0.4958	0.0081	0.0327
0	SPILL	8	0.6558	0.0085	0.1833
0	SPILL	8	0.5407	0.0091	0.0428
0	SPILL	8	0.5275	0.0094	0.0457
0	SPILL	7	0.5045	0.0101	0.0256
0	SPILL	1	0.4877	0.0102	0.0001
0	SPILL	3	0.4794	0.0091	0.0137
0	SPILL	3	0.4689	0.0092	0.0151
0	SPILL	6	0.5170	0.0098	0.0243
0	SPILL	6	0.6289	0.0095	0.1295
0	SPILL	2	0.4780	0.0106	0.0073
0	SPILL	2	0.5411	0.0102	0.0448
0	SPILL	5	0.5121	0.0124	0.0077
0	SPILL	1	0.4890	0.0107	0.0001
0	SPILL	5	0.5106	0.0102	0.0400
0	SPILL	5	0.5966	0.0104	0.1073
0	SPILL	4	0.5346	0.0111	0.0104
0	SPILL	4	0.5825	0.0109	0.0808
0	SPILL	1	0.6545	0.0122	0.0001
0	SPILL	1	0.4773	0.0124	0.0001
0	SPILL	3	0.5498	0.0106	0.0086
0	SPILL	3	0.5442	0.0158	0.0586
0	SPILL	3	0.5051	0.0106	0.0145
0	SPILL	3	0.5024	0.0111	0.0151
0	SPILL	2	0.5244	0.0107	0.0061
0	SPILL	2	0.5516	0.0100	0.0377
0	SPILL	2	0.5023	0.0105	0.0083
0	SPILL	2	0.5340	0.0145	0.0093
0	SPILL	1	0.5851	0.0149	0.0002
0	SPILL	1	0.5323	0.0132	0.0001
0	SPILL	1	0.5331	0.0139	0.0001
0	SPILL	1	0.5229	0.0219	0.0001
0	BUD	0	0.4795	0.0089	0.0001
0	BUD	0	0.5073	0.0087	0.0001
0	BUD	0	0.4245	0.0167	0.0001
0	BUD	0	0.3702	0.0083	0.0000
0	BUD	0	0.3718	0.0076	0.0001
0	VRAK	0	0.3842	0.0079	0.0000
0	VELG	0	0.3768	0.0072	0.0001
0	SPILL	7	0.4429	0.0077	0.0406
0	SPILL	3	0.4200	0.0068	0.0132
0	SPILL	1	0.4267	0.0079	0.0001
0	SPILL	1	0.4203	0.0082	0.0001
0	SPILL	11	0.4616	0.0080	0.0159
0	SPILL	11	0.4996	0.0182	0.0695
0	SPILL	6	0.5732	0.0078	0.2934
0	SPILL	2	0.4500	0.0081	0.0075
0	SPILL	10	0.4922	0.0079	0.0500
0	SPILL	3	0.4641	0.0079	0.0087
0	SPILL	3	0.4563	0.0081	0.0088
0	SPILL	3	0.4635	0.0090	0.0104
0	SPILL	9	0.4492	0.0088	0.0096
0	SPILL	9	0.5203	0.0092	0.0197
0	SPILL	3	0.5134	0.0085	0.0128
0	SPILL	2	0.5118	0.0092	0.0453
0	SPILL	8	0.5080	0.0094	0.0427
0	SPILL	1	0.4524	0.0094	0.0000
0	SPILL	8	0.6548	0.0091	0.1853
0	SPILL	8	0.5100	0.0097	0.0416
0	SPILL	7	0.5034	0.0095	0.0349
0	SPILL	7	0.5096	0.0096	0.0347
0	SPILL	7	0.6408	0.0090	0.1638
0	SPILL	7	0.5020	0.0093	0.0341
0	SPILL	6	0.4906	0.0101	0.0299
0	SPILL	2	0.4759	0.0093	0.0064
0	SPILL	1	0.4745	0.0110	0.0000
0	SPILL	2	0.5061	0.0104	0.0439
0	SPILL	5	0.4672	0.0109	0.0062
0	SPILL	5	0.5129	0.0097	0.0122
0	SPILL	1	0.4765	0.0103	0.0001
0	SPILL	1	0.4716	0.0112	0.0001
0	SPILL	4	0.4872	0.0099	0.0175
0	SPILL	4	0.4833	0.0112	0.0162
0	SPILL	4	0.5567	0.0098	0.0772
0	SPILL	4	0.6612	0.0117	0.0165
0	SPILL	3	0.4909	0.0105	0.0076
0	SPILL	2	0.4907	0.0101	0.0082
0	SPILL	3	0.5398	0.0099	0.0570
0	SPILL	1	0.4998	0.0107	0.0000
0	SPILL	2	0.4972	0.0105	0.0055
0	SPILL	1	0.4949	0.0119	0.0001
0	SPILL	2	0.5521	0.0108	0.0368
0	SPILL	1	0.4914	0.0111	0.0001
0	SPILL	1	0.4887	0.0115	0.0000
0	SPILL	1	0.4810	0.0119	0.0000
0	SPILL	1	0.4874	0.0119	0.0000
0	SPILL	1	0.4881	0.0120	0.0000
1	BUD	0	0.6276	0.0296	0.0002
1	BUD	0	0.6005	0.0084	0.0002
1	BUD	0	0.3814	0.0090	0.0001
1	BUD	0	0.3749	0.0074	0.0001
1	BUD	0	0.3493	0.0072	0.0001
1	VRAK	0	0.3729	0.0078	0.0001
1	VELG	0	0.3999	0.0094	0.0002
1	SPILL	5	0.4230	0.0077	0.0310
1	SPILL	1	0.4005	0.0077	0.0002
1	SPILL	2	0.4147	0.0073	0.0133
1	SPILL	5	0.4487	0.0141	0.0270
1	SPILL	11	0.4274	0.0083	0.0187
1	SPILL	5	0.4275	0.0084	0.0194
1	SPILL	4	0.5330	0.0076	0.0955
1	SPILL	3	0.4888	0.0101	0.0166
1	SPILL	10	0.5246	0.0089	0.0521
1	SPILL	10	0.7281	0.0087	0.2384
1	SPILL	1	0.5393	0.0116	0.0002
1	SPILL	4	0.5709	0.0094	0.0174
1	SPILL	9	0.5793	0.0088	0.0433
1	SPILL	9	0.6878	0.0088	0.2234
1	SPILL	9	0.5759	0.0115	0.0733
1	SPILL	3	0.5132	0.0094	0.0125
1	SPILL	8	0.5229	0.0090	0.0341
1	SPILL	5	0.6054	0.0094	0.1134
1	SPILL	2	0.4687	0.0094	0.0103
1	SPILL	2	0.4791	0.0097	0.0104
1	SPILL	7	0.5056	0.0092	0.0340
1	SPILL	7	0.6312	0.0092	0.1610
1	SPILL	3	0.4798	0.0171	0.0153
1	SPILL	3	0.4864	0.0096	0.0163
1	SPILL	6	0.5239	0.0095	0.0341
1	SPILL	6	0.6272	0.0099	0.1286
1	SPILL	2	0.5002	0.0097	0.0084
1	SPILL	2	1.3008	0.0165	0.0476
1	SPILL	5	0.5889	0.0430	0.0284
1	SPILL	1	0.7537	0.0131	0.0002
1	SPILL	5	0.5317	0.0119	0.0157
1	SPILL	1	0.5210	0.0118	0.0002
1	SPILL	4	0.5417	0.0107	0.0210
1	SPILL	4	0.5679	0.0103	0.0808
1	SPILL	1	0.4811	0.0113	0.0002
1	SPILL	1	0.4735	0.0116	0.0001
1	SPILL	3	0.4849	0.0117	0.0068
1	SPILL	3	0.5016	0.0110	0.0139
1	SPILL	3	0.4899	0.0122	0.0106
1	SPILL	2	0.5338	0.0108	0.0109
1	SPILL	2	0.5189	0.0100	0.0061
1	SPILL	2	0.5318	0.0112	0.0082
1	SPILL	2	0.6181	0.0114	0.0393
1	SPILL	1	0.5228	0.0188	0.0002
1	SPILL	1	0.5144	0.0116	0.0002
1	SPILL	1	0.5168	0.0123	0.0002
1	SPILL	1	0.5835	0.0142	0.0002
1	SPILL	1	0.5685	0.0145	0.0002
1	BUD	0	0.5832	0.0087	0.0001
1	BUD	0	0.5869	0.0080	0.0001
1	BUD	0	0.3936	0.0104	0.0001
1	BUD	0	0.3553	0.0084	0.0001
1	BUD	0	0.3612	0.0074	0.0001
1	VRAK	0	0.3911	0.0080	0.0002
1	VELG	0	0.3957	0.0083	0.0001
1	SPILL	6	0.4352	0.0089	0.0350
1	SPILL	1	0.4264	0.0084	0.0002
1	SPILL	3	0.4288	0.0075	0.0159
1	SPILL	3	0.4382	0.0130	0.0163
1	SPILL	11	0.4206	0.0090	0.0194
1	SPILL	2	0.4306	0.0078	0.0087
1	SPILL	3	0.5140	0.0085	0.0123
1	SPILL	3	0.4740	0.0075	0.0146
1	SPILL	10	0.5124	0.0082	0.0178
1	SPILL	3	0.5281	0.0086	0.0127
1	SPILL	2	0.4670	0.0086	0.0088
1	SPILL	5	0.4678	0.0098	0.0264
1	SPILL	9	0.4583	0.0089	0.0164
1	SPILL	2	0.4576	0.0086	0.0102
1	SPILL	3	0.4708	0.0083	0.0148
1	SPILL	9	0.9007	0.0123	0.1971
1	SPILL	8	0.4674	0.0092	0.0131
1	SPILL	4	0.5080	0.0088	0.0140
1	SPILL	2	0.5375	0.0088	0.0459
1	SPILL	1	0.4802	0.0096	0.0002
1	SPILL	7	0.5023	0.0085	0.0529
1	SPILL	7	0.6083	0.0095	0.1961
1	SPILL	2	0.5142	0.0100	0.0097
1	SPILL	2	0.4950	0.0099	0.0087
1	SPILL	6	0.5951	0.0093	0.0455
1	SPILL	4	0.6337	0.0197	0.0891
1	SPILL	1	0.4865	0.0103	0.0002
1	SPILL	2	0.5240	0.0102	0.0104
1	SPILL	5	0.5299	0.0098	0.0438
1	SPILL	5	0.5881	0.0099	0.1055
1	SPILL	1	0.4698	0.0114	0.0001
1	SPILL	1	0.4794	0.0111	0.0002
1	SPILL	4	0.4842	0.0113	0.0079
1	SPILL	4	0.4935	0.0100	0.0124
1	SPILL	1	0.4814	0.0108	0.0002
1	SPILL	1	0.4883	0.0124	0.0002
1	SPILL	3	0.5053	0.0105	0.0277
1	SPILL	3	0.5468	0.0146	0.0574
1	SPILL	3	0.4896	0.0106	0.0132
1	SPILL	3	0.5160	0.0113	0.0132
1	SPILL	2	0.5097	0.0115	0.0168
1	SPILL	2	0.5253	0.0117	0.0379
1	SPILL	2	0.4894	0.0122	0.0097
1	SPILL	2	0.5127	0.0109	0.0095
1	SPILL	1	0.6971	0.0159	0.0002
1	SPILL	1	0.5652	0.0135	0.0002
1	SPILL	1	0.4923	0.0122	0.0002
1	SPILL	1	0.5497	0.0124	0.0002
1	BUD	0	0.3837	0.0079	0.0001
1	BUD	0	0.4234	0.0080	0.0002
1	BUD	0	0.3823	0.0084	0.0001
1	BUD	0	0.3640	0.0073	0.0001
1	VRAK	0	0.3939	0.0087	0.0002
1	VELG	0	0.4422	0.0081	0.0002
1	SPILL	6	0.4353	0.0076	0.0344
1	SPILL	1	0.3952	0.0082	0.0002
1	SPILL	4	0.4363	0.0085	0.0210
1	SPILL	12	0.5046	0.0291	0.0865
1	SPILL	11	0.4568	0.0079	0.0207
1	SPILL	3	0.4277	0.0154	0.0122
1	SPILL	11	0.6962	0.0078	0.2642
1	SPILL	5	0.4810	0.0087	0.0168
1	SPILL	10	0.5284	0.0079	0.0630
1	SPILL	1	0.6030	0.0104	0.0001
1	SPILL	2	0.5359	0.0085	0.0093
1	SPILL	10	0.4889	0.0088	0.0553
1	SPILL	9	0.4434	0.0094	0.0158
1	SPILL	5	0.4538	0.0090	0.0165
1	SPILL	2	0.5137	0.0093	0.0467
1	SPILL	9	0.4901	0.0089	0.0320
1	SPILL	8	0.4528	0.0100	0.0147
1	SPILL	8	0.6366	0.0085	0.1699
1	SPILL	3	0.4879	0.0106	0.0123
1	SPILL	8	0.4967	0.0094	0.0402
1	SPILL	7	0.4573	0.0098	0.0121
1	SPILL	1	0.4425	0.0099	0.0002
1	SPILL	7	0.4789	0.0096	0.0234
1	SPILL	2	0.5031	0.0097	0.0457
1	SPILL	6	0.4796	0.0088	0.0243
1	SPILL	2	0.5020	0.0104	0.0425
1	SPILL	2	0.4615	0.0104	0.0094
1	SPILL	1	0.4847	0.0106	0.0001
1	SPILL	5	0.5229	0.0145	0.0097
1	SPILL	3	0.4875	0.0098	0.0112
1	SPILL	5	0.5779	0.0098	0.1133
1	SPILL	5	0.4895	0.0111	0.0174
1	SPILL	4	0.4846	0.0105	0.0114
1	SPILL	1	0.4746	0.0127	0.0001
1	SPILL	1	0.4682	0.0116	0.0002
1	SPILL	4	0.4826	0.0103	0.0177
1	SPILL	3	0.4851	0.0112	0.0091
1	SPILL	3	0.5698	0.0105	0.0628
1	SPILL	1	0.5098	0.0118	0.0002
1	SPILL	3	0.5184	0.0107	0.0145
1	SPILL	2	0.4974	0.0104	0.0070
1	SPILL	2	0.5543	0.0105	0.0411
1	SPILL	2	0.5135	0.0117	0.0095
1	SPILL	2	0.5076	0.0150	0.0095
1	SPILL	1	0.5392	0.0123	0.0002
1	SPILL	1	0.5626	0.0132	0.0002
1	SPILL	1	0.5231	0.0127	0.0001
1	SPILL	1	0.4969	0.0139	0.0002
1	BUD	0	0.4429	0.0087	0.0002
1	BUD	0	0.3918	0.0082	0.0002
1	BUD	0	0.3794	0.0073	0.0001
1	BUD	0	0.3725	0.0077	0.0001
1	VRAK	0	0.3806	0.0082	0.0002
1	VELG	0	0.3733	0.0080	0.0001
1	SPILL	5	0.4250	0.0073	0.0299
1	SPILL	3	0.6126	0.0088	0.0280
1	SPILL	1	0.4232	0.0083	0.0002
1	SPILL	2	0.4431	0.0078	0.0121
1	SPILL	11	0.4470	0.0077	0.0225
1	SPILL	1	0.4270	0.0084	0.0002
1	SPILL	4	0.4549	0.0085	0.0156
1	SPILL	2	0.4284	0.0084	0.0086
1	SPILL	10	0.4496	0.0077	0.0172
1	SPILL	1	0.4296	0.0095	0.0002
1	SPILL	10	0.4748	0.0207	0.0586
1	SPILL	3	0.5155	0.0080	0.0627
1	SPILL	9	0.4906	0.0094	0.0151
1	SPILL	3	0.5098	0.0089	0.0111
1	SPILL	9	0.4837	0.0097	0.0231
1	SPILL	3	0.5478	0.0089	0.0685
1	SPILL	8	0.4551	0.0099	0.0131
1	SPILL	8	0.4835	0.0094	0.0222
1	SPILL	2	0.4764	0.0088	0.0098
1	SPILL	3	0.5248	0.0088	0.0629
1	SPILL	7	0.4911	0.0095	0.0539
1	SPILL	3	0.5463	0.0102	0.0110
1	SPILL	3	0.5138	0.0099	0.0133
1	SPILL	3	0.5378	0.0098	0.0839
1	SPILL	6	0.4930	0.0105	0.0107
1	SPILL	2	0.4947	0.0100	0.0085
1	SPILL	2	0.4705	0.0113	0.0093
1	SPILL	2	0.5200	0.0099	0.0515
1	SPILL	5	0.4969	0.0107	0.0215
1	SPILL	5	0.4934	0.0103	0.0347
1	SPILL	5	0.5813	0.0135	0.1016
1	SPILL	5	0.5496	0.0108	0.0221
1	SPILL	4	0.5833	0.0109	0.0222
1	SPILL	1	0.5571	0.0112	0.0002
1	SPILL	4	0.5821	0.0104	0.0791
1	SPILL	1	0.4877	0.0119	0.0002
1	SPILL	3	0.4939	0.0119	0.0096
1	SPILL	3	0.7530	0.0271	0.0146
1	SPILL	1	0.5137	0.0109	0.0002
1	SPILL	2	0.5157	0.0107	0.0099
1	SPILL	2	0.5151	0.0105	0.0070
1	SPILL	2	0.5260	0.0108	0.0105
1	SPILL	2	0.5500	0.0101	0.0389
1	SPILL	1	0.5151	0.0111	0.0002
1	SPILL	1	0.5022	0.0117	0.0002
1	SPILL	1	0.5182	0.0127	0.0002
1	SPILL	1	0.5130	0.0122	0.0002
1	SPILL	1	0.5124	0.0125	0.0002
1	BUD	0	0.3782	0.0073	0.0002
1	BUD	0	0.4544	0.0080	0.0001
1	BUD	0	0.3677	0.0074	0.0001
1	BUD	0	0.3548	0.0077	0.0002
1	VRAK	0	0.3827	0.0080	0.0002
1	VELG	0	0.4082	0.0076	0.0002
1	SPILL	6	0.4310	0.0073	0.0360
1	SPILL	1	0.4025	0.0107	0.0001
1	SPILL	3	0.4159	0.0084	0.0160
1	SPILL	2	0.4203	0.0072	0.0123
1	SPILL	11	0.4793	0.0079	0.0218
1	SPILL	2	0.4337	0.0081	0.0105
1	SPILL	1	0.4085	0.0088	0.0001
1	SPILL	5	0.5537	0.0082	0.1050
1	SPILL	10	0.4419	0.0096	0.0158
1	SPILL	4	0.4512	0.0080	0.0133
1	SPILL	2	0.4446	0.0081	0.0081
1	SPILL	5	0.4691	0.0085	0.0176
1	SPILL	9	0.5061	0.0084	0.0500
1	SPILL	9	0.6434	0.0095	0.1988
1	SPILL	1	0.5001	0.0098	0.0002
1	SPILL	9	0.4867	0.0091	0.0557
1	SPILL	8	0.4794	0.0087	0.0402
1	SPILL	8	0.8538	0.0140	0.1871
1	SPILL	8	0.5080	0.0086	0.0401
1	SPILL	8	0.5032	0.0088	0.0405
1	SPILL	7	0.4913	0.0091	0.0351
1	SPILL	7	0.6029	0.0096	0.1503
1	SPILL	2	0.4632	0.0091	0.0096
1	SPILL	1	0.4456	0.0099	0.0002
1	SPILL	6	0.4752	0.0104	0.0121
1	SPILL	6	0.5991	0.0095	0.1274
1	SPILL	3	0.4883	0.0099	0.0113
1	SPILL	6	0.6042	0.0125	0.1367
1	SPILL	5	0.5036	0.0097	0.0288
1	SPILL	5	0.5836	0.0099	0.1117
1	SPILL	5	0.4960	0.0105	0.0216
1	SPILL	5	0.5458	0.0102	0.0217
1	SPILL	4	0.5248	0.0100	0.0193
1	SPILL	4	0.5761	0.0105	0.0878
1	SPILL	4	0.4956	0.0103	0.0158
1	SPILL	4	0.5491	0.0108	0.0158
1	SPILL	3	0.5136	0.0120	0.0185
1	SPILL	3	0.5466	0.0101	0.0549
1	SPILL	3	0.4958	0.0108	0.0119
1	SPILL	3	0.9631	0.0147	0.0131
1	SPILL	2	0.5026	0.0105	0.0060
1	SPILL	2	0.5271	0.0099	0.0385
1	SPILL	1	0.5039	0.0114	0.0001
1	SPILL	2	0.5049	0.0107	0.0083
1	SPILL	1	0.4961	0.0111	0.0001
1	SPILL	1	0.4826	0.0124	0.0001
1	SPILL	1	0.4933	0.0122	0.0001
1	SPILL	1	0.4913	0.0135	0.0001
1	BUD	0	0.4288	0.0078	0.0001
1	BUD	0	0.3644	0.0082	0.0001
1	BUD	0	0.3515	0.0073	0.0000
1	BUD	0	0.3585	0.0080	0.0001
1	VRAK	0	0.4253	0.0086	0.0001
1	VELG	0	0.3790	0.0134	0.0001
1	SPILL	7	0.5093	0.0135	0.0471
1	SPILL	1	0.4346	0.0082	0.0000
1	SPILL	3	0.4291	0.0071	0.0154
1	SPILL	1	0.4182	0.0082	0.0001
1	SPILL	11	0.4346	0.0071	0.0183
1	SPILL	2	0.4234	0.0075	0.0075
1	SPILL	11	0.6917	0.0078	0.2594
1	SPILL	6	0.4691	0.0079	0.0172
1	SPILL	10	0.5029	0.0142	0.0537
1	SPILL	10	0.6721	0.0079	0.2331
1	SPILL	1	0.4839	0.0103	0.0001
1	SPILL	10	0.6945	0.0170	0.2551
1	SPILL	9	0.4693	0.0141	0.0161
1	SPILL	3	0.5519	0.0091	0.0847
1	SPILL	2	0.5211	0.0094	0.0079
1	SPILL	2	0.5055	0.0094	0.0114
1	SPILL	8	0.5048	0.0107	0.0207
1	SPILL	8	0.5096	0.0095	0.0262
1	SPILL	4	0.5167	0.0098	0.0158
1	SPILL	3	0.4943	0.0139	0.0185
1	SPILL	7	0.5024	0.0104	0.0144
1	SPILL	2	0.5202	0.0101	0.0093
1	SPILL	4	0.6140	0.0104	0.1136
1	SPILL	2	0.5173	0.0105	0.0112
1	SPILL	6	0.5614	0.0098	0.0678
1	SPILL	6	0.6780	0.0132	0.1672
1	SPILL	6	0.5310	0.0132	0.0381
1	SPILL	6	0.5505	0.0145	0.0470
1	SPILL	5	0.6748	0.0152	0.0486
1	SPILL	5	0.7713	0.0238	0.1395
1	SPILL	5	0.9928	0.0122	0.0286
1	SPILL	5	0.5428	0.0117	0.0265
1	SPILL	4	0.5583	0.0119	0.0371
1	SPILL	4	0.6323	0.0172	0.0978
1	SPILL	4	0.5671	0.0141	0.0182
1	SPILL	4	0.5532	0.0168	0.0178
1	SPILL	3	0.6460	0.0126	0.0237
1	SPILL	3	0.6597	0.0119	0.0862
1	SPILL	3	0.6050	0.0132	0.0200
1	SPILL	2	0.5758	0.0119	0.0129
1	SPILL	2	0.6151	0.0171	0.0210
1	SPILL	1	0.8381	0.0155	0.0001
1	SPILL	2	0.5898	0.0104	0.0086
1	SPILL	1	0.5459	0.0180	0.0001
1	SPILL	1	0.5153	0.0118	0.0001
1	SPILL	1	0.5085	0.0121	0.0000
1	SPILL	1	0.5483	0.0131	0.0001
1	SPILL	1	0.5579	0.0131	0.0001
2	BUD	0	0.8343	0.0095	0.0002
2	BUD	0	0.7909	0.0078	0.0001
2	BUD	0	0.3827	0.0074	0.0001
2	BUD	0	0.3502	0.0070	0.0001
2	BUD	0	0.3670	0.0076	0.0001
2	VRAK	0	0.3799	0.0081	0.0001
2	VELG	0	0.3834	0.0073	0.0000
2	SPILL	6	0.4544	0.0104	0.0341
2	SPILL	2	0.4200	0.0066	0.0106
2	SPILL	1	0.4219	0.0080	0.0001
2	SPILL	3	0.4204	0.0072	0.0141
2	SPILL	11	0.4742	0.0076	0.0186
2	SPILL	2	0.4332	0.0073	0.0086
2	SPILL	5	0.4475	0.0075	0.0144
2	SPILL	1	0.4156	0.0082	0.0001
2	SPILL	10	0.4933	0.0079	0.0491
2	SPILL	10	0.4831	0.0080	0.0578
2	SPILL	10	0.6993	0.0093	0.2353
2	SPILL	1	0.4498	0.0096	0.0001
2	SPILL	9	0.4844	0.0084	0.0406
2	SPILL	9	0.5824	0.0120	0.0681
2	SPILL	9	1.0533	0.0146	0.3511
2	SPILL	9	0.9573	0.0128	0.1051
2	SPILL	8	0.5873	0.0103	0.0495
2	SPILL	8	0.7921	0.0112	0.0623
2	SPILL	1	0.7382	0.0148	0.0001
2	SPILL	3	0.6887	0.0125	0.0187
2	SPILL	7	0.5960	0.0145	0.0447
2	SPILL	7	0.5633	0.0223	0.0462
2	SPILL	7	0.9452	0.0132	0.1853
2	SPILL	2	0.5239	0.0110	0.0143
2	SPILL	6	0.5142	0.0123	0.0119
2	SPILL	6	0.5302	0.0139	0.0207
2	SPILL	2	0.5194	0.0117	0.0102
2	SPILL	1	0.5286	0.0124	0.0001
2	SPILL	5	0.5361	0.0114	0.0371
2	SPILL	5	0.6092	0.0147	0.0247
2	SPILL	5	0.7215	0.0163	0.1297
2	SPILL	1	0.5433	0.0133	0.0001
2	SPILL	4	0.5189	0.0178	0.0076
2	SPILL	4	0.5080	0.0119	0.0172
2	SPILL	4	0.5579	0.0130	0.0224
2	SPILL	4	0.6045	0.0117	0.0969
2	SPILL	3	0.5576	0.0141	0.0147
2	SPILL	3	0.5536	0.0116	0.0133
2	SPILL	3	0.5867	0.0111	0.0703
2	SPILL	3	0.5308	0.0152	0.0165
2	SPILL	2	0.5060	0.0115	0.0071
2	SPILL	2	0.5129	0.0177	0.0093
2	SPILL	2	0.5541	0.0146	0.0422
2	SPILL	2	0.5101	0.0171	0.0113
2	SPILL	1	0.5115	0.0128	0.0001
2	SPILL	1	0.5157	0.0185	0.0001
2	SPILL	1	0.5080	0.0128	0.0001
2	SPILL	1	0.5807	0.0158	0.0001
2	BUD	0	0.6033	0.0092	0.0001
2	BUD	0	0.6175	0.0102	0.0001
2	BUD	0	0.4027	0.0080	0.0001
2	BUD	0	0.4003	0.0081	0.0001
2	BUD	0	0.3813	0.0076	0.0001
2	VRAK	0	0.4085	0.0088	0.0001
2	VELG	0	0.4056	0.0077	0.0001
2	SPILL	6	0.4481	0.0075	0.0308
2	SPILL	1	0.4072	0.0084	0.0001
2	SPILL	2	0.4301	0.0075	0.0112
2	SPILL	1	0.4213	0.0084	0.0001
2	SPILL	11	0.4572	0.0076	0.0208
2	SPILL	5	0.5442	0.0079	0.0930
2	SPILL	11	0.5030	0.0079	0.0582
2	SPILL	1	0.4465	0.0092	0.0001
2	SPILL	10	0.5019	0.0092	0.0420
2	SPILL	10	0.4970	0.0085	0.0517
2	SPILL	10	0.5197	0.0086	0.0514
2	SPILL	2	0.4992	0.0080	0.0389
2	SPILL	9	0.5141	0.0082	0.0582
2	SPILL	4	0.4836	0.0095	0.0118
2	SPILL	5	0.5772	0.0088	0.0981
2	SPILL	1	0.4583	0.0109	0.0001
2	SPILL	8	0.5300	0.0107	0.0142
2	SPILL	4	0.4984	0.0090	0.0129
2	SPILL	4	0.4903	0.0089	0.0112
2	SPILL	8	0.5134	0.0090	0.0391
2	SPILL	7	0.5166	0.0086	0.0338
2	SPILL	3	0.4934	0.0129	0.0121
2	SPILL	4	0.4964	0.0094	0.0162
2	SPILL	7	0.6186	0.0093	0.1327
2	SPILL	6	0.5167	0.0095	0.0316
2	SPILL	6	0.4995	0.0106	0.0245
2	SPILL	2	0.4960	0.0097	0.0067
2	SPILL	2	0.4883	0.0095	0.0087
2	SPILL	5	0.4845	0.0106	0.0077
2	SPILL	1	0.4825	0.0111	0.0001
2	SPILL	2	0.5234	0.0114	0.0077
2	SPILL	5	0.5301	0.0099	0.0202
2	SPILL	4	0.5386	0.0175	0.0290
2	SPILL	4	0.5407	0.0104	0.0155
2	SPILL	4	0.5174	0.0105	0.0167
2	SPILL	4	0.6271	0.0109	0.0733
2	SPILL	3	0.5749	0.0101	0.0284
2	SPILL	3	0.5150	0.0111	0.0108
2	SPILL	3	0.5260	0.0106	0.0116
2	SPILL	1	0.5254	0.0133	0.0001
2	SPILL	2	0.5144	0.0119	0.0040
2	SPILL	2	0.5509	0.0314	0.0298
2	SPILL	2	0.5283	0.0112	0.0074
2	SPILL	2	0.5230	0.0125	0.0083
2	SPILL	1	0.5161	0.0116	0.0001
2	SPILL	1	0.5405	0.0129	0.0001
2	SPILL	1	0.5089	0.0139	0.0001
2	SPILL	1	0.5965	0.0263	0.0001
2	BUD	0	0.4202	0.0109	0.0001
2	BUD	0	0.4438	0.0118	0.0001
2	BUD	0	0.7165	0.0152	0.0002
2	BUD	0	0.4847	0.0132	0.0002
2	BUD	0	2.2238	0.0203	0.0001
2	VRAK	0	0.4754	0.0122	0.0001
2	VELG	0	0.4287	0.0116	0.0001
2	SPILL	8	0.4995	0.0112	0.0488
2	SPILL	1	0.4009	0.0116	0.0000
2	SPILL	2	0.4556	0.0118	0.0155
2	SPILL	1	0.4373	0.0118	0.0001
2	SPILL	11	0.4485	0.0109	0.0205
2	SPILL	7	0.6221	0.0118	0.1612
2	SPILL	11	0.4863	0.0124	0.0620
2	SPILL	1	0.4622	0.0127	0.0001
2	SPILL	10	0.5368	0.0141	0.0564
2	SPILL	10	0.6124	0.0197	0.0649
2	SPILL	10	0.6209	0.0125	0.0517
2	SPILL	10	0.8721	0.0135	0.2468
2	SPILL	9	0.6148	0.0205	0.0560
2	SPILL	9	0.6278	0.0146	0.0425
2	SPILL	9	0.5330	0.0132	0.0453
2	SPILL	9	0.7600	0.0135	0.2332
2	SPILL	8	0.5416	0.0130	0.0531
2	SPILL	1	0.5802	0.0148	0.0001
2	SPILL	2	0.5784	0.0147	0.0429
2	SPILL	5	0.6362	0.0150	0.0178
2	SPILL	7	0.6480	0.0156	0.0118
2	SPILL	1	0.5120	0.0146	0.0001
2	SPILL	7	0.5200	0.0144	0.0295
2	SPILL	1	0.4630	0.0202	0.0001
2	SPILL	6	0.5243	0.0136	0.0507
2	SPILL	6	0.4880	0.0373	0.0253
2	SPILL	6	0.5551	0.0163	0.0267
2	SPILL	6	0.6616	0.0142	0.1230
2	SPILL	5	0.5360	0.0145	0.0395
2	SPILL	3	0.5115	0.0145	0.0123
2	SPILL	3	0.5005	0.0333	0.0117
2	SPILL	2	0.5652	0.0147	0.0397
2	SPILL	4	0.5448	0.0145	0.0304
2	SPILL	2	0.5058	0.0147	0.0070
2	SPILL	2	0.5028	0.0184	0.0076
2	SPILL	1	0.4996	0.0330	0.0001
2	SPILL	3	0.5625	0.0150	0.0269
2	SPILL	3	0.5253	0.0151	0.0102
2	SPILL	3	0.5246	0.0153	0.0104
2	SPILL	3	0.5854	0.0154	0.0548
2	SPILL	2	0.5582	0.0153	0.0203
2	SPILL	2	0.5097	0.0150	0.0069
2	SPILL	2	0.5113	0.0154	0.0072
2	SPILL	2	0.5731	0.0165	0.0317
2	SPILL	1	0.4986	0.0958	0.0002
2	SPILL	1	0.5151	0.0356	0.0002
2	SPILL	1	0.5367	0.0168	0.0001
2	SPILL	1	0.5137	0.0158	0.0002
3	BUD	0	0.6079	0.0300	0.0002
3	BUD	0	0.5738	0.0110	0.0001
3	BUD	0	0.4040	0.0083	0.0002
3	BUD	0	0.4470	0.0097	0.0002
3	BUD	0	0.4178	0.0091	0.0001
3	VRAK	0	0.3814	0.0085	0.0002
3	VELG	0	0.4569	0.0094	0.0001
3	SPILL	5	0.4207	0.0087	0.0290
3	SPILL	2	0.4142	0.0088	0.0130
3	SPILL	1	0.4260	0.0097	0.0001
3	SPILL	2	0.4672	0.0095	0.0143
3	SPILL	11	0.4814	0.0086	0.0251
3	SPILL	1	0.4369	0.0098	0.0002
3	SPILL	4	0.4418	0.0091	0.0131
3	SPILL	1	0.4166	0.0117	0.0002
3	SPILL	10	0.4709	0.0089	0.0433
3	SPILL	10	0.4899	0.0087	0.0526
3	SPILL	2	0.4602	0.0090	0.0562
3	SPILL	10	0.4747	0.0094	0.0553
3	SPILL	9	0.4716	0.0093	0.0334
3	SPILL	2	0.4690	0.0113	0.0093
3	SPILL	2	0.4965	0.0150	0.0455
3	SPILL	3	0.4479	0.0099	0.0140
3	SPILL	8	0.4799	0.0089	0.0322
3	SPILL	1	0.4610	0.0113	0.0002
3	SPILL	1	0.4374	0.0109	0.0001
3	SPILL	2	0.5046	0.0103	0.0439
3	SPILL	7	0.4651	0.0175	0.0123
3	SPILL	4	0.5585	0.0118	0.0203
3	SPILL	3	0.5963	0.0107	0.0603
3	SPILL	7	0.5124	0.0172	0.0208
3	SPILL	6	0.4895	0.0093	0.0230
3	SPILL	6	0.4887	0.0128	0.0272
3	SPILL	6	0.5862	0.0107	0.1079
3	SPILL	1	0.4774	0.0125	0.0001
3	SPILL	5	0.4632	0.0114	0.0092
3	SPILL	2	0.4857	0.0110	0.0093
3	SPILL	5	0.5667	0.0118	0.0848
3	SPILL	2	0.4940	0.0132	0.0091
3	SPILL	4	0.4856	0.0128	0.0081
3	SPILL	1	0.4798	0.0121	0.0002
3	SPILL	4	0.4827	0.0118	0.0128
3	SPILL	1	0.4851	0.0136	0.0002
3	SPILL	3	0.4738	0.0115	0.0094
3	SPILL	3	0.5003	0.0136	0.0136
3	SPILL	2	0.5132	0.0121	0.0352
3	SPILL	3	0.4986	0.0131	0.0133
3	SPILL	2	0.5118	0.0120	0.0070
3	SPILL	2	0.5041	0.0120	0.0082
3	SPILL	1	0.5540	0.0132	0.0002
3	SPILL	2	0.5604	0.0121	0.0347
3	SPILL	1	0.5810	0.0135	0.0001
3	SPILL	1	0.5707	0.0135	0.0002
3	SPILL	1	0.5152	0.0167	0.0002
3	SPILL	1	0.5087	0.0139	0.0001
3	BUD	0	0.3994	0.0086	0.0001
3	BUD	0	0.3737	0.0079	0.0001
3	BUD	0	0.3632	0.0076	0.0002
3	BUD	0	0.3647	0.0071	0.0002
3	BUD	0	0.3691	0.0075	0.0001
3	VRAK	0	0.3658	0.0075	0.0002
3	VELG	0	0.3734	0.0076	0.0002
3	SPILL	6	0.4302	0.0085	0.0351
3	SPILL	1	0.4123	0.0087	0.0002
3	SPILL	1	0.4036	0.0086	0.0002
3	SPILL	4	0.4956	0.0086	0.0248
3	SPILL	11	0.4597	0.0088	0.0244
3	SPILL	11	0.4888	0.0092	0.0607
3	SPILL	3	0.4320	0.0088	0.0116
3	SPILL	5	0.5398	0.0096	0.0192
3	SPILL	10	0.5496	0.0080	0.0487
3	SPILL	5	0.5918	0.0080	0.7586
3	SPILL	5	0.5205	0.0107	0.0239
3	SPILL	2	0.5039	0.0362	0.0259
3	SPILL	9	0.7084	0.0109	0.0150
3	SPILL	3	0.4832	0.0100	0.0122
3	SPILL	3	0.5463	0.0094	0.0645
3	SPILL	9	0.5050	0.0099	0.0260
3	SPILL	8	0.5026	0.0087	0.0385
3	SPILL	3	0.5333	0.0092	0.0600
3	SPILL	2	0.4874	0.0097	0.0085
3	SPILL	3	0.6355	0.0099	0.0640
3	SPILL	7	0.4839	0.0188	0.0121
3	SPILL	1	0.4970	0.0186	0.0002
3	SPILL	7	0.5251	0.0101	0.0201
3	SPILL	4	0.5958	0.0102	0.0776
3	SPILL	6	0.5254	0.0100	0.0280
3	SPILL	2	0.6202	0.0169	0.0395
3	SPILL	1	0.5529	0.0117	0.0001
3	SPILL	2	0.5079	0.0106	0.0080
3	SPILL	5	0.4880	0.0163	0.0114
3	SPILL	3	0.4984	0.0109	0.0142
3	SPILL	1	0.4847	0.0112	0.0002
3	SPILL	5	0.5886	0.0165	0.0991
3	SPILL	4	0.4860	0.0102	0.0095
3	SPILL	4	0.5093	0.0131	0.0124
3	SPILL	1	0.4968	0.0118	0.0001
3	SPILL	2	0.5118	0.0120	0.0090
3	SPILL	3	0.5350	0.0106	0.0174
3	SPILL	3	0.5442	0.0100	0.0520
3	SPILL	3	0.5173	0.0113	0.0141
3	SPILL	2	0.5211	0.0107	0.0086
3	SPILL	2	0.5128	0.0111	0.0074
3	SPILL	2	0.5430	0.0111	0.0370
3	SPILL	2	0.5150	0.0125	0.0090
3	SPILL	2	0.5125	0.0130	0.0080
3	SPILL	1	0.5058	0.0131	0.0002
3	SPILL	1	0.6435	0.0216	0.0002
3	SPILL	1	0.6090	0.0149	0.0001
3	SPILL	1	0.5158	0.0129	0.0001
3	BUD	0	0.3755	0.0081	0.0002
3	BUD	0	0.3713	0.0082	0.0002
3	BUD	0	0.3741	0.0083	0.0002
3	BUD	0	0.3849	0.0084	0.0002
3	BUD	0	0.3709	0.0079	0.0001
3	BUD	0	0.3779	0.0092	0.0001
3	VRAK	0	0.3891	0.0081	0.0001
3	VELG	0	0.4000	0.0083	0.0001
3	SPILL	6	0.4489	0.0079	0.0365
3	SPILL	1	0.4259	0.0090	0.0002
3	SPILL	1	0.4246	0.0091	0.0002
3	SPILL	3	0.4556	0.0082	0.0181
3	SPILL	11	0.4710	0.0095	0.0242
3	SPILL	2	0.4456	0.0080	0.0083
3	SPILL	5	0.4548	0.0085	0.0167
3	SPILL	11	0.5213	0.0082	0.0636
3	SPILL	10	0.4949	0.0079	0.0474
3	SPILL	10	0.5459	0.0134	0.0530
3	SPILL	1	0.4509	0.0108	0.0001
3	SPILL	1	0.4366	0.0100	0.0001
3	SPILL	9	0.5051	0.0109	0.0384
3	SPILL	9	0.5606	0.0097	0.0446
3	SPILL	9	0.7016	0.0183	0.1919
3	SPILL	9	0.5071	0.0088	0.0477
3	SPILL	8	0.4960	0.0101	0.0333
3	SPILL	4	0.4772	0.0090	0.0132
3	SPILL	1	0.4669	0.0098	0.0001
3	SPILL	2	0.5535	0.0096	0.0440
3	SPILL	7	0.5206	0.0102	0.0113
3	SPILL	7	0.5176	0.0094	0.0358
3	SPILL	1	0.4789	0.0105	0.0001
3	SPILL	4	0.5034	0.0099	0.0191
3	SPILL	6	0.4785	0.0098	0.0105
3	SPILL	1	0.7405	0.0131	0.0002
3	SPILL	2	0.7021	0.0130	0.0091
3	SPILL	3	0.5014	0.0103	0.0138
3	SPILL	5	0.5055	0.0116	0.0104
3	SPILL	5	0.5211	0.0100	0.0226
3	SPILL	5	0.5960	0.0101	0.0984
3	SPILL	3	0.5318	0.0102	0.0134
3	SPILL	4	0.5129	0.0109	0.0076
3	SPILL	2	0.5095	0.0208	0.0095
3	SPILL	3	0.5623	0.0099	0.0558
3	SPILL	4	0.5089	0.0099	0.0137
3	SPILL	3	0.5114	0.0098	0.0183
3	SPILL	3	0.5235	0.0103	0.0127
3	SPILL	3	0.6215	0.0121	0.0526
3	SPILL	3	0.5107	0.0115	0.0131
3	SPILL	2	0.5194	0.0122	0.0079
3	SPILL	2	0.5135	0.0109	0.0102
3	SPILL	2	0.5589	0.0106	0.0348
3	SPILL	2	0.5145	0.0109	0.0112
3	SPILL	1	0.4971	0.0120	0.0002
3	SPILL	1	0.4926	0.0119	0.0002
3	SPILL	1	0.4924	0.0115	0.0002
3	SPILL	1	0.5047	0.0115	0.0001
3	BUD	0	0.3709	0.0082	0.0001
3	BUD	0	0.3477	0.0079	0.0001
3	BUD	0	0.3606	0.0092	0.0002
3	BUD	0	0.3805	0.0078	0.0002
3	BUD	0	0.3877	0.0075	0.0001
3	VRAK	0	0.3929	0.0078	0.0001
3	VELG	0	0.4020	0.0076	0.0002
3	SPILL	8	0.4306	0.0073	0.0414
3	SPILL	1	0.3848	0.0086	0.0001
3	SPILL	2	0.4139	0.0080	0.0135
3	SPILL	2	0.4254	0.0083	0.0133
3	SPILL	11	0.4283	0.0086	0.0206
3	SPILL	3	0.4349	0.0079	0.0110
3	SPILL	2	0.4242	0.0076	0.0083
3	SPILL	2	0.4430	0.0079	0.0096
3	SPILL	10	0.5102	0.0082	0.0608
3	SPILL	10	0.6655	0.0088	0.2179
3	SPILL	1	0.4320	0.0134	0.0001
3	SPILL	1	0.4222	0.0100	0.0002
3	SPILL	9	0.4878	0.0087	0.0559
3	SPILL	9	0.6392	0.0091	0.1838
3	SPILL	9	0.4922	0.0096	0.0458
3	SPILL	9	0.4813	0.0094	0.0480
3	SPILL	8	0.4947	0.0087	0.0485
3	SPILL	8	0.6183	0.0090	0.1826
3	SPILL	8	0.4812	0.0089	0.0389
3	SPILL	8	0.5164	0.0119	0.0405
3	SPILL	7	0.5433	0.0113	0.0440
3	SPILL	7	0.6812	0.0099	0.1487
3	SPILL	7	0.5157	0.0093	0.0316
3	SPILL	7	0.5148	0.0096	0.0326
3	SPILL	6	0.5105	0.0096	0.0349
3	SPILL	6	0.5844	0.0091	0.1298
3	SPILL	6	0.4919	0.0094	0.0258
3	SPILL	6	0.6798	0.0118	0.0263
3	SPILL	5	0.4947	0.0094	0.0271
3	SPILL	2	0.5225	0.0094	0.0412
3	SPILL	1	0.5257	0.0105	0.0002
3	SPILL	4	0.5872	0.0098	0.0834
3	SPILL	4	0.4762	0.0120	0.0076
3	SPILL	4	0.5520	0.0096	0.0782
3	SPILL	1	0.4736	0.0105	0.0002
3	SPILL	1	0.4929	0.0115	0.0002
3	SPILL	3	0.4821	0.0114	0.0065
3	SPILL	3	0.5413	0.0100	0.0562
3	SPILL	3	0.4988	0.0107	0.0093
3	SPILL	3	0.5716	0.0105	0.0758
3	SPILL	2	0.5462	0.0102	0.0160
3	SPILL	2	0.5622	0.0103	0.0328
3	SPILL	2	0.5223	0.0111	0.0088
3	SPILL	2	0.5061	0.0102	0.0090
3	SPILL	1	0.4883	0.0108	0.0001
3	SPILL	1	0.5089	0.0127	0.0002
3	SPILL	1	0.4952	0.0108	0.0001
3	SPILL	1	0.4864	0.0175	0.0001
3	BUD	0	0.4164	0.0084	0.0002
3	BUD	0	0.3706	0.0077	0.0001
3	BUD	0	0.3807	0.0072	0.0002
3	BUD	0	0.3692	0.0142	0.0001
3	VRAK	0	0.3755	0.0082	0.0001
3	VELG	0	0.3783	0.0068	0.0000
3	SPILL	6	0.4299	0.0079	0.0361
3	SPILL	1	0.3969	0.0084	0.0001
3	SPILL	3	0.4885	0.0084	0.0180
3	SPILL	12	0.5029	0.0077	0.0843
3	SPILL	11	0.4573	0.0081	0.0235
3	SPILL	2	0.4298	0.0083	0.0079
3	SPILL	11	0.6560	0.0078	0.2495
3	SPILL	5	0.5076	0.0090	0.0188
3	SPILL	10	0.5170	0.0127	0.0484
3	SPILL	2	0.5374	0.0090	0.0405
3	SPILL	1	0.4436	0.0095	0.0001
3	SPILL	10	0.4956	0.0090	0.0537
3	SPILL	9	0.4881	0.0150	0.0414
3	SPILL	2	0.4876	0.0095	0.0417
3	SPILL	3	0.4616	0.0089	0.0135
3	SPILL	4	0.4648	0.0094	0.0140
3	SPILL	8	0.5950	0.0205	0.0151
3	SPILL	3	0.5872	0.0124	0.0136
3	SPILL	1	0.5006	0.0112	0.0001
3	SPILL	2	0.5591	0.0100	0.0432
3	SPILL	7	0.5043	0.0104	0.0126
3	SPILL	7	0.5088	0.0095	0.0187
3	SPILL	3	0.5386	0.0094	0.0581
3	SPILL	4	0.4948	0.0118	0.0207
3	SPILL	6	0.5162	0.0214	0.0323
3	SPILL	1	0.5124	0.0104	0.0002
3	SPILL	6	0.5819	0.0126	0.0346
3	SPILL	6	0.5187	0.0099	0.0258
3	SPILL	5	0.4849	0.0102	0.0094
3	SPILL	2	0.4847	0.0099	0.0072
3	SPILL	1	0.4901	0.0111	0.0002
3	SPILL	5	0.5131	0.0100	0.0133
3	SPILL	4	0.4875	0.0103	0.0067
3	SPILL	4	0.5696	0.0119	0.0750
3	SPILL	4	0.5030	0.0099	0.0107
3	SPILL	1	0.5199	0.0178	0.0001
3	SPILL	3	0.5260	0.0102	0.0083
3	SPILL	3	0.5533	0.0102	0.0540
3	SPILL	1	0.5180	0.0108	0.0002
3	SPILL	1	0.5033	0.0128	0.0002
3	SPILL	2	0.5631	0.0148	0.0064
3	SPILL	2	0.5298	0.0098	0.0325
3	SPILL	2	0.5631	0.0113	0.0079
3	SPILL	2	0.5203	0.0104	0.0084
3	SPILL	1	0.7759	0.0199	0.0003
3	SPILL	1	0.5006	0.0139	0.0001
3	SPILL	1	0.4914	0.0132	0.0002
3	SPILL	1	0.5029	0.0124	0.0002
3	BUD	0	0.3473	0.0073	0.0001
3	BUD	0	0.3573	0.0073	0.0002
3	BUD	0	0.3595	0.0070	0.0002
3	BUD	0	0.3606	0.0072	0.0001
3	BUD	0	0.3694	0.0079	0.0001
3	VRAK	0	0.3675	0.0080	0.0001
3	VELG	0	0.3809	0.0076	0.0001
3	SPILL	5	0.4402	0.0082	0.0273
3	SPILL	2	0.4299	0.0067	0.0104
3	SPILL	4	0.4327	0.0073	0.0178
3	SPILL	1	0.4317	0.0098	0.0001
3	SPILL	11	0.4503	0.0077	0.0204
3	SPILL	4	0.5447	0.0161	0.0776
3	SPILL	1	0.4460	0.0098	0.0001
3	SPILL	3	0.4467	0.0285	0.0113
3	SPILL	10	0.4809	0.0085	0.0407
3	SPILL	4	0.4496	0.0083	0.0116
3	SPILL	2	0.4949	0.0188	0.0440
3	SPILL	3	0.4546	0.0084	0.0100
3	SPILL	9	0.4532	0.0086	0.0126
3	SPILL	4	0.5623	0.0083	0.0733
3	SPILL	4	0.4793	0.0089	0.0129
3	SPILL	2	0.5132	0.0089	0.0508
3	SPILL	8	0.4610	0.0088	0.0116
3	SPILL	1	0.4466	0.0090	0.0002
3	SPILL	2	0.4701	0.0092	0.0087
3	SPILL	2	0.4809	0.0092	0.0073
3	SPILL	7	0.5454	0.0086	0.0343
3	SPILL	7	0.5064	0.0096	0.0297
3	SPILL	2	0.4799	0.0095	0.0070
3	SPILL	7	0.5000	0.0179	0.0304
3	SPILL	6	0.4767	0.0094	0.0114
3	SPILL	1	0.4702	0.0099	0.0001
3	SPILL	3	0.5137	0.0098	0.0089
3	SPILL	3	0.4847	0.0092	0.0120
3	SPILL	5	0.5133	0.0091	0.0255
3	SPILL	5	0.4957	0.0098	0.0195
3	SPILL	1	0.4700	0.0103	0.0001
3	SPILL	5	0.5042	0.0101	0.0200
3	SPILL	4	0.4735	0.0101	0.0066
3	SPILL	3	0.4942	0.0097	0.0122
3	SPILL	4	0.5060	0.0097	0.0125
3	SPILL	1	0.4886	0.0192	0.0002
3	SPILL	3	0.5028	0.0100	0.0085
3	SPILL	2	0.5012	0.0108	0.0095
3	SPILL	3	0.5000	0.0104	0.0111
3	SPILL	1	0.5048	0.0116	0.0002
3	SPILL	2	0.5041	0.0598	0.0152
3	SPILL	1	0.6432	0.0256	0.0002
3	SPILL	2	0.5811	0.0122	0.0086
3	SPILL	2	0.5508	0.0107	0.0320
3	SPILL	1	0.5027	0.0113	0.0001
3	SPILL	1	0.5021	0.0119	0.0001
3	SPILL	1	0.5002	0.0121	0.0001
3	SPILL	1	0.4967	0.0117	0.0002
3	BUD	0	0.3523	0.0160	0.0002
3	BUD	0	0.3499	0.0077	0.0002
3	BUD	0	0.4012	0.0083	0.0001
3	BUD	0	0.3796	0.0085	0.0002
3	BUD	0	0.3650	0.0073	0.0002
3	VRAK	0	0.3765	0.0075	0.0002
3	VELG	0	0.3743	0.0075	0.0002
3	SPILL	6	0.4208	0.0076	0.0481
3	SPILL	3	0.4256	0.0071	0.0135
3	SPILL	1	0.4148	0.0190	0.0002
3	SPILL	12	0.4775	0.0071	0.0852
3	SPILL	11	0.4557	0.0079	0.0213
3	SPILL	11	0.5577	0.0081	0.0591
3	SPILL	5	0.5602	0.0078	0.0988
3	SPILL	2	0.4498	0.0086	0.0079
3	SPILL	10	0.5220	0.0086	0.0478
3	SPILL	1	0.4498	0.0092	0.0002
3	SPILL	2	0.4684	0.0091	0.0081
3	SPILL	10	0.6576	0.0084	0.2226
3	SPILL	9	0.7332	0.0133	0.0137
3	SPILL	3	0.4720	0.0089	0.0101
3	SPILL	2	0.4271	0.0087	0.0088
3	SPILL	2	0.4892	0.0079	0.0407
3	SPILL	8	0.4539	0.0088	0.0128
3	SPILL	3	0.4471	0.0088	0.0131
3	SPILL	4	0.5230	0.0083	0.0802
3	SPILL	2	0.4537	0.0095	0.0069
3	SPILL	7	0.4638	0.0089	0.0101
3	SPILL	2	0.4678	0.0092	0.0085
3	SPILL	4	0.5396	0.0094	0.0916
3	SPILL	7	0.4908	0.0088	0.0180
3	SPILL	6	0.4984	0.0086	0.0290
3	SPILL	6	0.5788	0.0100	0.0276
3	SPILL	1	0.4952	0.0114	0.0002
3	SPILL	6	0.4898	0.0100	0.0246
3	SPILL	5	0.4839	0.0092	0.0203
3	SPILL	1	0.4597	0.0108	0.0002
3	SPILL	2	0.5274	0.0095	0.0403
3	SPILL	2	0.4773	0.0094	0.0092
3	SPILL	4	0.4909	0.0101	0.0193
3	SPILL	4	0.4828	0.0099	0.0151
3	SPILL	1	0.4888	0.0099	0.0001
3	SPILL	1	0.4751	0.0124	0.0001
3	SPILL	3	0.4801	0.0104	0.0057
3	SPILL	1	0.4791	0.0117	0.0001
3	SPILL	1	0.4702	0.0108	0.0001
3	SPILL	2	0.4875	0.0100	0.0088
3	SPILL	2	0.5057	0.0101	0.0133
3	SPILL	2	0.4920	0.0099	0.0080
3	SPILL	2	0.5274	0.0097	0.0364
3	SPILL	2	0.6487	0.0124	0.0086
3	SPILL	1	0.5908	0.0126	0.0002
3	SPILL	1	0.5178	0.0111	0.0002
3	SPILL	1	0.4951	0.0109	0.0002
3	SPILL	1	0.5007	0.0118	0.0002
3	BUD	0	0.3548	0.0115	0.0001
3	BUD	0	0.3864	0.0109	0.0002
3	BUD	0	0.3709	0.0101	0.0001
3	BUD	0	0.3928	0.0094	0.0001
3	BUD	0	0.3900	0.0089	0.0001
3	VRAK	0	0.3897	0.0090	0.0002
3	VELG	0	0.4447	0.0093	0.0002
3	SPILL	5	0.4427	0.0083	0.0257
3	SPILL	1	0.5088	0.0172	0.0002
3	SPILL	2	0.5569	0.0080	0.0110
3	SPILL	3	0.4990	0.0097	0.0164
3	SPILL	11	0.4782	0.0079	0.0199
3	SPILL	1	0.4381	0.0094	0.0001
3	SPILL	2	0.5641	0.0085	0.0438
3	SPILL	4	0.4715	0.0081	0.0145
3	SPILL	10	0.4591	0.0079	0.0156
3	SPILL	2	0.4598	0.0084	0.0085
3	SPILL	2	0.5005	0.0080	0.0434
3	SPILL	4	0.4630	0.0087	0.0128
3	SPILL	9	0.4476	0.0102	0.0123
3	SPILL	2	0.5015	0.0086	0.0414
3	SPILL	9	0.5168	0.0089	0.0238
3	SPILL	4	0.5594	0.0084	0.0846
3	SPILL	8	0.5031	0.0087	0.0303
3	SPILL	1	0.4846	0.0108	0.0002
3	SPILL	3	0.4976	0.0098	0.0107
3	SPILL	3	0.4856	0.0090	0.0109
3	SPILL	7	0.5097	0.0091	0.0264
3	SPILL	3	0.5359	0.0089	0.0580
3	SPILL	2	0.4669	0.0089	0.0073
3	SPILL	3	0.4851	0.0093	0.0110
3	SPILL	6	0.5044	0.0093	0.0297
3	SPILL	2	0.5212	0.0094	0.0375
3	SPILL	1	0.4833	0.0102	0.0001
3	SPILL	2	0.4828	0.0099	0.0074
3	SPILL	5	0.5165	0.0096	0.0231
3	SPILL	1	0.4820	0.0106	0.0001
3	SPILL	5	0.5023	0.0105	0.0203
3	SPILL	1	0.5569	0.0106	0.0001
3	SPILL	4	0.5458	0.0095	0.0065
3	SPILL	4	0.5050	0.0099	0.0110
3	SPILL	4	0.5713	0.0097	0.0679
3	SPILL	2	0.4913	0.0100	0.0079
3	SPILL	3	0.5114	0.0138	0.0145
3	SPILL	3	0.5553	0.0097	0.0515
3	SPILL	3	0.5219	0.0099	0.0100
3	SPILL	3	0.5067	0.0226	0.0091
3	SPILL	2	0.5228	0.0108	0.0036
3	SPILL	2	0.5153	0.0103	0.0058
3	SPILL	2	0.6806	0.0132	0.0347
3	SPILL	1	0.5236	0.0121	0.0001
3	SPILL	1	0.5178	0.0129	0.0001
3	SPILL	1	0.4857	0.0116	0.0002
3	SPILL	1	0.5030	0.0119	0.0001
3	SPILL	1	0.4896	0.0118	0.0001
3	BUD	0	0.3791	0.0078	0.0001
3	BUD	0	0.3727	0.0076	0.0001
3	BUD	0	0.3750	0.0072	0.0000
3	BUD	0	0.3612	0.0072	0.0001
3	BUD	0	0.3735	0.0075	0.0001
3	VRAK	0	0.4019	0.0083	0.0001
3	VELG	0	0.4283	0.0076	0.0002
3	SPILL	5	0.4443	0.0167	0.0236
3	SPILL	1	0.4115	0.0081	0.0002
3	SPILL	2	0.4192	0.0079	0.0099
3	SPILL	2	0.4474	0.0074	0.0105
3	SPILL	11	0.4648	0.0082	0.0258
3	SPILL	1	0.4143	0.0150	0.0001
3	SPILL	1	0.4145	0.0094	0.0002
3	SPILL	4	0.4495	0.0142	0.0105
3	SPILL	10	0.4834	0.0078	0.0369
3	SPILL	2	0.5048	0.0085	0.0383
3	SPILL	10	0.5764	0.0090	0.0975
3	SPILL	10	0.5454	0.0087	0.0745
3	SPILL	9	0.5052	0.0080	0.0302
3	SPILL	1	0.4591	0.0094	0.0001
3	SPILL	9	0.4981	0.0088	0.0617
3	SPILL	9	0.5865	0.0091	0.0659
3	SPILL	8	0.4795	0.0094	0.0104
3	SPILL	3	0.5101	0.0089	0.0081
3	SPILL	2	0.4932	0.0086	0.0417
3	SPILL	8	0.4964	0.0092	0.0249
3	SPILL	7	0.4913	0.0097	0.0151
3	SPILL	2	0.5085	0.0102	0.0392
3	SPILL	1	0.4429	0.0205	0.0001
3	SPILL	4	0.4699	0.0095	0.0416
3	SPILL	6	0.5029	0.0105	0.0125
3	SPILL	1	0.4713	0.0119	0.0001
3	SPILL	6	0.5064	0.0089	0.0308
3	SPILL	3	0.4908	0.0092	0.0145
3	SPILL	5	0.5293	0.0097	0.0104
3	SPILL	5	0.5720	0.0092	0.0987
3	SPILL	5	0.5023	0.0110	0.0412
3	SPILL	2	0.5183	0.0197	0.0071
3	SPILL	4	0.4725	0.0113	0.0054
3	SPILL	1	0.4793	0.0101	0.0001
3	SPILL	4	0.5050	0.0101	0.0168
3	SPILL	4	0.5473	0.0113	0.1550
3	SPILL	3	0.4994	0.0106	0.0042
3	SPILL	3	0.5031	0.0101	0.0120
3	SPILL	1	0.4995	0.0108	0.0001
3	SPILL	1	0.4811	0.0114	0.0000
3	SPILL	2	0.4673	0.0111	0.0035
3	SPILL	2	0.4874	0.0110	0.0061
3	SPILL	2	0.5383	0.0099	0.0359
3	SPILL	2	0.5124	0.0100	0.0062
3	SPILL	1	0.4853	0.0107	0.0001
3	SPILL	1	0.4942	0.0114	0.0001
3	SPILL	1	0.4987	0.0141	0.0002
3	SPILL	1	0.4848	0.0114	0.0001
3	BUD	0	0.3999	0.0076	0.0001
3	BUD	0	0.3568	0.0090	0.0000
3	BUD	0	0.3665	0.0074	0.0001
3	BUD	0	0.3740	0.0074	0.0001
3	VRAK	0	0.3845	0.0075	0.0001
3	VELG	0	0.4015	0.0078	0.0001
3	SPILL	6	0.4404	0.0080	0.0291
3	SPILL	2	0.4160	0.0077	0.0094
3	SPILL	2	0.4465	0.0072	0.0103
3	SPILL	1	0.4261	0.0081	0.0001
3	SPILL	11	0.4231	0.0073	0.0161
3	SPILL	5	0.5382	0.0077	0.0922
3	SPILL	1	0.4293	0.0087	0.0000
3	SPILL	1	0.4351	0.0088	0.0001
3	SPILL	10	0.4841	0.0076	0.0411
3	SPILL	10	0.5714	0.0087	0.0711
3	SPILL	10	0.5638	0.0086	0.0587
3	SPILL	1	0.5039	0.0090	0.0001
3	SPILL	9	0.7667	0.0095	0.0360
3	SPILL	3	0.4794	0.0083	0.0095
3	SPILL	3	0.5192	0.0080	0.0798
3	SPILL	2	0.4676	0.0081	0.0083
3	SPILL	8	0.4569	0.0123	0.0142
3	SPILL	3	0.5227	0.0086	0.0566
3	SPILL	3	0.4760	0.0079	0.0095
3	SPILL	8	0.6118	0.0086	0.1468
3	SPILL	7	0.4654	0.0095	0.0080
3	SPILL	7	0.5883	0.0084	0.1165
3	SPILL	5	0.5199	0.0096	0.0225
3	SPILL	2	0.4906	0.0093	0.0084
3	SPILL	6	0.4902	0.0087	0.0258
3	SPILL	6	0.4830	0.0092	0.0335
3	SPILL	3	0.4782	0.0096	0.0081
3	SPILL	4	0.5365	0.0102	0.0111
3	SPILL	5	0.5243	0.0106	0.0067
3	SPILL	3	0.5654	0.0108	0.0499
3	SPILL	5	0.5550	0.0099	0.0206
3	SPILL	2	0.4956	0.0185	0.0095
3	SPILL	4	0.4853	0.0120	0.0054
3	SPILL	4	0.6281	0.0130	0.1015
3	SPILL	2	0.5241	0.0097	0.0083
3	SPILL	2	0.5238	0.0102	0.0081
3	SPILL	3	0.5044	0.0089	0.0145
3	SPILL	3	0.5223	0.0098	0.0110
3	SPILL	1	0.5013	0.0107	0.0001
3	SPILL	2	0.5724	0.0099	0.0364
3	SPILL	2	0.5425	0.0154	0.0176
3	SPILL	2	0.5692	0.0106	0.0074
3	SPILL	2	0.5323	0.0103	0.0074
3	SPILL	2	0.5658	0.0113	0.0329
3	SPILL	1	0.5070	0.0107	0.0001
3	SPILL	1	0.4958	0.0121	0.0001
3	SPILL	1	0.4896	0.0121	0.0001
3	SPILL	1	0.5267	0.0128	0.0001
3	BUD	0	0.3739	0.0071	0.0001
3	BUD	0	0.3710	0.0076	0.0001
3	BUD	0	0.3642	0.0077	0.0001
3	BUD	0	0.3644	0.0075	0.0000
3	VRAK	0	0.3697	0.0077	0.0002
3	VELG	0	0.3721	0.0076	0.0001
3	SPILL	6	0.4164	0.0081	0.0284
3	SPILL	4	0.4244	0.0074	0.0158
3	SPILL	1	0.4011	0.0077	0.0001
3	SPILL	2	0.4140	0.0077	0.0097
3	SPILL	11	0.4189	0.0083	0.0138
3	SPILL	3	0.4221	0.0073	0.0081
3	SPILL	3	0.4437	0.0094	0.0120
3	SPILL	3	0.5754	0.0086	0.0687
3	SPILL	10	0.4627	0.0080	0.0132
3	SPILL	3	0.4527	0.0180	0.0088
3	SPILL	2	0.4534	0.0087	0.0062
3	SPILL	4	0.4520	0.0082	0.0120
3	SPILL	9	0.4645	0.0096	0.0094
3	SPILL	2	0.4547	0.0084	0.0061
3	SPILL	2	0.4646	0.0095	0.0060
3	SPILL	2	0.4693	0.0086	0.0060
3	SPILL	8	0.4633	0.0078	0.0118
3	SPILL	2	0.4470	0.0080	0.0084
3	SPILL	1	0.4371	0.0089	0.0001
3	SPILL	1	0.4627	0.0100	0.0001
3	SPILL	7	0.5147	0.0097	0.0436
3	SPILL	3	0.4716	0.0090	0.0145
3	SPILL	7	0.6177	0.0208	0.1413
3	SPILL	1	0.4784	0.0104	0.0001
3	SPILL	6	0.5052	0.0095	0.0726
3	SPILL	2	0.4710	0.0089	0.0067
3	SPILL	6	0.5903	0.0090	0.1177
3	SPILL	6	0.4916	0.0101	0.0281
3	SPILL	5	0.5599	0.0096	0.0319
3	SPILL	1	0.4833	0.0105	0.0001
3	SPILL	5	0.5628	0.0110	0.1022
3	SPILL	5	0.7490	0.0110	0.0211
3	SPILL	4	0.5021	0.0093	0.0233
3	SPILL	4	0.4958	0.0094	0.0164
3	SPILL	4	0.5744	0.0094	0.0717
3	SPILL	4	0.5445	0.0102	0.0149
3	SPILL	3	0.5116	0.0095	0.0155
3	SPILL	3	0.4853	0.0094	0.0179
3	SPILL	3	0.5270	0.0096	0.0539
3	SPILL	3	0.4992	0.0099	0.0113
3	SPILL	2	0.4935	0.0097	0.0057
3	SPILL	1	0.4946	0.0112	0.0001
3	SPILL	2	0.4982	0.0098	0.0074
3	SPILL	2	0.5191	0.0105	0.0320
3	SPILL	1	0.4991	0.0113	0.0001
3	SPILL	1	0.5032	0.0113	0.0001
3	SPILL	1	0.4878	0.0131	0.0001
3	SPILL	1	0.4827	0.0113	0.0001
3	BUD	0	0.3837	0.0077	0.0001
3	BUD	0	0.3973	0.0077	0.0001
3	BUD	0	0.3572	0.0084	0.0001
3	BUD	0	0.3417	0.0072	0.0002
3	VRAK	0	0.3978	0.0086	0.0002
3	VELG	0	0.3569	0.0087	0.0001
3	SPILL	7	0.4145	0.0086	0.0307
3	SPILL	2	0.4099	0.0085	0.0094
3	SPILL	1	0.4083	0.0085	0.0001
3	SPILL	2	0.4098	0.0168	0.0103
3	SPILL	11	0.4418	0.0076	0.0186
3	SPILL	1	0.4274	0.0093	0.0001
3	SPILL	6	0.5449	0.0098	0.1153
3	SPILL	1	0.4132	0.0085	0.0001
3	SPILL	10	0.4347	0.0087	0.0107
3	SPILL	5	0.4330	0.0077	0.0133
3	SPILL	3	0.4332	0.0084	0.0122
3	SPILL	10	0.6297	0.0082	0.1937
3	SPILL	9	0.4499	0.0084	0.0112
3	SPILL	3	0.4661	0.0084	0.0122
3	SPILL	2	0.4832	0.0077	0.0387
3	SPILL	4	0.5179	0.0097	0.0184
3	SPILL	8	0.4779	0.0093	0.0106
3	SPILL	2	0.4925	0.0103	0.0062
3	SPILL	8	0.4697	0.0086	0.0197
3	SPILL	2	0.4551	0.0100	0.0087
3	SPILL	7	0.5428	0.0091	0.0381
3	SPILL	7	0.5074	0.0088	0.0334
3	SPILL	7	0.6162	0.0086	0.1389
3	SPILL	7	0.5423	0.0096	0.0335
3	SPILL	6	0.5614	0.0096	0.0314
3	SPILL	6	0.5247	0.0091	0.0271
3	SPILL	6	0.6168	0.0095	0.1291
3	SPILL	6	0.4984	0.0100	0.0254
3	SPILL	5	0.5360	0.0096	0.0237
3	SPILL	5	0.5493	0.0099	0.0251
3	SPILL	5	0.6485	0.0102	0.0929
3	SPILL	5	0.5165	0.0100	0.0273
3	SPILL	4	0.5048	0.0093	0.0158
3	SPILL	1	0.4731	0.0102	0.0001
3	SPILL	1	0.5490	0.0143	0.0002
3	SPILL	1	0.4988	0.0120	0.0001
3	SPILL	3	0.5208	0.0112	0.0046
3	SPILL	3	0.5329	0.0101	0.0124
3	SPILL	2	0.5729	0.0098	0.0365
3	SPILL	1	0.5107	0.0115	0.0001
3	SPILL	2	0.5019	0.0100	0.0128
3	SPILL	2	0.5183	0.0139	0.0081
3	SPILL	2	0.5508	0.0118	0.0319
3	SPILL	2	0.5341	0.0101	0.0080
3	SPILL	1	0.5141	0.0107	0.0001
3	SPILL	1	0.5135	0.0138	0.0001
3	SPILL	1	0.5616	0.0121	0.0001
3	SPILL	1	0.5885	0.0129	0.0001
4	BUD	0	0.9267	0.0132	0.0002
4	BUD	0	0.8489	0.0081	0.0001
4	BUD	0	0.3843	0.0077	0.0001
4	BUD	0	0.3422	0.0074	0.0001
4	VRAK	0	0.3667	0.0081	0.0001
4	VELG	0	0.3626	0.0076	0.0001
4	SPILL	5	0.4328	0.0071	0.0261
4	SPILL	1	0.4298	0.0097	0.0001
4	SPILL	2	0.4651	0.0085	0.0113
4	SPILL	2	0.4383	0.0085	0.0120
4	SPILL	11	0.4570	0.0083	0.0202
4	SPILL	1	0.4167	0.0091	0.0001
4	SPILL	1	0.4032	0.0211	0.0001
4	SPILL	4	0.4481	0.0090	0.0134
4	SPILL	10	0.4688	0.0136	0.0366
4	SPILL	2	0.4700	0.0081	0.0393
4	SPILL	10	0.4844	0.0084	0.0615
4	SPILL	10	0.5149	0.0101	0.0609
4	SPILL	9	0.5709	0.0095	0.0299
4	SPILL	4	0.5634	0.0090	0.0908
4	SPILL	9	0.4939	0.0092	0.0525
4	SPILL	3	0.4492	0.0087	0.0137
4	SPILL	8	0.4878	0.0100	0.0281
4	SPILL	3	0.5246	0.0093	0.0570
4	SPILL	8	0.4974	0.0097	0.0447
4	SPILL	2	0.4712	0.0094	0.0089
4	SPILL	7	0.4773	0.0095	0.0112
4	SPILL	7	0.4900	0.0099	0.0350
4	SPILL	1	0.4594	0.0109	0.0001
4	SPILL	2	0.4850	0.0101	0.0073
4	SPILL	6	0.4850	0.0090	0.0267
4	SPILL	2	0.5344	0.0112	0.0375
4	SPILL	3	0.4797	0.0101	0.0145
4	SPILL	3	0.4860	0.0117	0.0136
4	SPILL	5	0.4887	0.0098	0.0084
4	SPILL	3	0.4770	0.0106	0.0094
4	SPILL	3	0.5345	0.0115	0.0601
4	SPILL	5	0.5148	0.0117	0.0138
4	SPILL	4	0.5559	0.0101	0.0173
4	SPILL	1	0.5014	0.0122	0.0002
4	SPILL	2	0.4827	0.0108	0.0087
4	SPILL	2	0.4842	0.0177	0.0087
4	SPILL	3	0.5152	0.0109	0.0162
4	SPILL	1	0.4974	0.0116	0.0001
4	SPILL	3	0.4953	0.0121	0.0125
4	SPILL	3	0.4810	0.0110	0.0120
4	SPILL	2	0.5211	0.0229	0.0136
4	SPILL	2	0.5595	0.0110	0.0372
4	SPILL	2	0.5285	0.0117	0.0084
4	SPILL	1	0.4892	0.0120	0.0001
4	SPILL	1	0.4982	0.0254	0.0001
4	SPILL	1	0.5184	0.0134	0.0000
4	SPILL	1	0.4916	0.0370	0.0002
4	SPILL	1	0.5092	0.0143	0.0001
4	BUD	0	0.4383	0.0088	0.0002
4	BUD	0	0.3848	0.0071	0.0001
4	BUD	0	0.3493	0.0077	0.0000
4	BUD	0	0.3638	0.0068	0.0001
4	VRAK	0	0.3789	0.0082	0.0002
4	VELG	0	0.3756	0.0092	0.0001
4	SPILL	5	0.4068	0.0069	0.0261
4	SPILL	2	0.4015	0.0075	0.0113
4	SPILL	2	0.4182	0.0069	0.0112
4	SPILL	1	0.4279	0.0085	0.0001
4	SPILL	11	0.4309	0.0079	0.0197
4	SPILL	4	0.4978	0.0092	0.0758
4	SPILL	1	0.4176	0.0080	0.0001
4	SPILL	1	0.4024	0.0085	0.0001
4	SPILL	10	0.4540	0.0074	0.0356
4	SPILL	3	0.4232	0.0081	0.0098
4	SPILL	2	0.4210	0.0104	0.0070
4	SPILL	4	0.4397	0.0078	0.0130
4	SPILL	9	0.4389	0.0086	0.0135
4	SPILL	3	0.5014	0.8311	0.0720
4	SPILL	2	0.6200	0.0091	0.0092
4	SPILL	1	0.6239	0.0185	0.0001
4	SPILL	8	0.7673	0.0094	0.0345
4	SPILL	5	0.4802	0.0094	0.0132
4	SPILL	3	0.5457	0.0098	0.0661
4	SPILL	2	0.4831	0.0091	0.0086
4	SPILL	7	0.4672	0.0093	0.0116
4	SPILL	5	0.5633	0.0086	0.0970
4	SPILL	2	0.4804	0.0091	0.0095
4	SPILL	7	0.5064	0.0095	0.0213
4	SPILL	6	0.5136	0.0087	0.0258
4	SPILL	6	0.4958	0.0096	0.0272
4	SPILL	6	0.5085	0.0094	0.0306
4	SPILL	2	0.5211	0.0093	0.0354
4	SPILL	5	0.5023	0.0094	0.0184
4	SPILL	4	0.5068	0.0112	0.0174
4	SPILL	2	0.4805	0.0095	0.0088
4	SPILL	1	0.4798	0.0104	0.0001
4	SPILL	4	0.5104	0.0108	0.0170
4	SPILL	1	0.5344	0.0119	0.0001
4	SPILL	4	0.5220	0.0108	0.0260
4	SPILL	2	0.5374	0.0108	0.0394
4	SPILL	3	0.5044	0.0111	0.0151
4	SPILL	3	0.5020	0.0099	0.0120
4	SPILL	3	0.5356	0.0110	0.0123
4	SPILL	1	0.5250	0.0116	0.0000
4	SPILL	2	0.5389	0.0099	0.0054
4	SPILL	1	0.4854	0.0114	0.0000
4	SPILL	2	0.5011	0.0108	0.0084
4	SPILL	2	0.5043	0.0110	0.0083
4	SPILL	1	0.4953	0.0109	0.0001
4	SPILL	1	0.4960	0.0118	0.0001
4	SPILL	1	0.4930	0.0123	0.0001
4	SPILL	1	0.4897	0.0110	0.0001
4	BUD	0	0.3819	0.0077	0.0001
4	BUD	0	0.3815	0.0074	0.0001
4	BUD	0	0.3740	0.0078	0.0001
4	BUD	0	0.3805	0.0081	0.0001
4	VRAK	0	0.3733	0.0083	0.0001
4	VELG	0	0.4153	0.0073	0.0001
4	SPILL	6	0.4446	0.0079	0.0314
4	SPILL	1	0.4085	0.0084	0.0001
4	SPILL	12	0.5185	0.0093	0.0985
4	SPILL	2	0.4724	0.0079	0.0120
4	SPILL	11	0.4728	0.0092	0.0200
4	SPILL	11	0.5073	0.0084	0.0823
4	SPILL	1	0.4387	0.0087	0.0001
4	SPILL	5	0.4593	0.0097	0.0147
4	SPILL	10	0.5050	0.0071	0.0434
4	SPILL	1	0.4537	0.0106	0.0001
4	SPILL	2	0.4521	0.0098	0.0071
4	SPILL	5	0.5785	0.0080	0.1098
4	SPILL	9	0.4556	0.0089	0.0126
4	SPILL	2	0.4944	0.0079	0.0415
4	SPILL	9	0.5157	0.0096	0.0227
4	SPILL	4	0.5564	0.0093	0.0914
4	SPILL	8	0.5073	0.0091	0.0356
4	SPILL	8	0.6393	0.0113	0.1407
4	SPILL	1	0.4461	0.0100	0.0002
4	SPILL	4	0.5445	0.0090	0.0883
4	SPILL	7	0.4439	0.0106	0.0097
4	SPILL	1	0.4380	0.0102	0.0001
4	SPILL	7	0.4895	0.0159	0.0181
4	SPILL	2	1.1699	0.0151	0.0465
4	SPILL	6	0.5901	0.0099	0.0268
4	SPILL	3	0.5136	0.0096	0.0522
4	SPILL	6	0.4780	0.0096	0.0278
4	SPILL	6	0.4837	0.0100	0.0262
4	SPILL	5	0.4814	0.0112	0.0178
4	SPILL	5	0.5594	0.0095	0.0933
4	SPILL	5	0.4867	0.0096	0.0214
4	SPILL	2	0.4822	0.0097	0.0101
4	SPILL	4	0.4813	0.0092	0.0174
4	SPILL	4	0.5451	0.0100	0.0696
4	SPILL	4	0.4930	0.0094	0.0164
4	SPILL	1	0.5315	0.0104	0.0001
4	SPILL	3	0.4988	0.0114	0.0049
4	SPILL	1	0.4819	0.0109	0.0001
4	SPILL	3	0.5437	0.0116	0.0538
4	SPILL	3	0.4981	0.0104	0.0129
4	SPILL	2	0.5241	0.0101	0.0129
4	SPILL	2	0.5301	0.0100	0.0382
4	SPILL	2	0.4935	0.0101	0.0083
4	SPILL	2	0.5020	0.0114	0.0085
4	SPILL	1	0.4898	0.0104	0.0001
4	SPILL	1	0.4936	0.0127	0.0001
4	SPILL	1	0.4856	0.0113	0.0001
4	SPILL	1	0.5069	0.0119	0.0001
5	BUD	0	0.4707	0.0077	0.0001
5	BUD	0	0.4400	0.0083	0.0001
5	BUD	0	0.3771	0.0072	0.0002
5	BUD	0	0.3558	0.0072	0.0001
5	BUD	0	0.3705	0.0070	0.0001
5	VRAK	0	0.3677	0.0069	0.0001
5	VELG	0	0.3688	0.0069	0.0001
5	SPILL	7	0.4370	0.0076	0.0349
5	SPILL	1	0.3977	0.0073	0.0001
5	SPILL	3	0.4246	0.0071	0.0153
5	SPILL	1	0.4672	0.0093	0.0001
5	SPILL	11	0.4255	0.0078	0.0209
5	SPILL	6	0.8506	0.0085	0.1240
5	SPILL	11	0.5218	0.0093	0.0715
5	SPILL	2	0.4258	0.0079	0.0078
5	SPILL	10	0.4800	0.0077	0.0469
5	SPILL	1	0.4238	0.0094	0.0001
5	SPILL	5	0.4563	0.0081	0.0263
5	SPILL	3	0.4990	0.0094	0.0663
5	SPILL	9	0.5347	0.0085	0.0486
5	SPILL	9	0.5121	0.0086	0.0521
5	SPILL	4	0.4593	0.0098	0.0115
5	SPILL	2	0.4486	0.0079	0.0076
5	SPILL	8	0.4535	0.0086	0.0115
5	SPILL	1	0.4430	0.0093	0.0001
5	SPILL	8	0.4841	0.0088	0.0436
5	SPILL	3	0.4598	0.0085	0.0089
5	SPILL	7	0.4655	0.0096	0.0112
5	SPILL	7	0.4859	0.0091	0.0380
5	SPILL	5	0.4759	0.0090	0.0191
5	SPILL	7	0.6809	0.0100	0.1534
5	SPILL	6	0.4641	0.0094	0.0084
5	SPILL	6	0.4969	0.0090	0.0293
5	SPILL	6	0.4763	0.0095	0.0138
5	SPILL	6	0.6067	0.0091	0.1370
5	SPILL	5	0.4660	0.0094	0.0081
5	SPILL	5	0.4869	0.0094	0.0242
5	SPILL	5	0.4876	0.0095	0.0125
5	SPILL	5	1.3040	0.0125	0.0225
5	SPILL	4	0.5319	0.0090	0.0297
5	SPILL	4	0.4929	0.0099	0.0152
5	SPILL	4	0.5043	0.0094	0.0162
5	SPILL	4	0.5768	0.0093	0.0790
5	SPILL	3	0.5306	0.0095	0.0208
5	SPILL	3	0.5002	0.0097	0.0120
5	SPILL	3	0.4907	0.0098	0.0129
5	SPILL	3	0.5534	0.0113	0.0557
5	SPILL	2	0.4942	0.0094	0.0131
5	SPILL	2	0.5788	0.0113	0.0090
5	SPILL	2	0.5430	0.0098	0.0081
5	SPILL	2	0.5447	0.0098	0.0327
5	SPILL	1	0.4703	0.0115	0.0002
5	SPILL	1	0.4933	0.0111	0.0001
5	SPILL	1	0.4916	0.0111	0.0001
5	SPILL	1	0.4837	0.0110	0.0001
5	BUD	0	0.3589	0.0072	0.0002
5	BUD	0	0.3627	0.0074	0.0001
5	BUD	0	0.3613	0.0077	0.0001
5	BUD	0	0.3581	0.0071	0.0001
5	VRAK	0	0.3980	0.0083	0.0002
5	VELG	0	0.3881	0.0078	0.0001
5	SPILL	8	0.4376	0.0073	0.0411
5	SPILL	2	0.4133	0.0072	0.0107
5	SPILL	1	0.4129	0.0097	0.0001
5	SPILL	1	0.4590	0.0105	0.0001
5	SPILL	11	0.4428	0.0075	0.0174
5	SPILL	11	0.4981	0.0078	0.0694
5	SPILL	7	0.5838	0.0081	0.1341
5	SPILL	1	0.4228	0.0087	0.0001
5	SPILL	10	0.4943	0.0081	0.0706
5	SPILL	10	0.5033	0.0077	0.0593
5	SPILL	10	0.6991	0.0084	0.2515
5	SPILL	10	0.5306	0.0102	0.0621
5	SPILL	9	0.5065	0.0086	0.0469
5	SPILL	9	0.5588	0.0090	0.0502
5	SPILL	9	0.6885	0.0103	0.2170
5	SPILL	9	0.5114	0.0090	0.0518
5	SPILL	8	0.5132	0.0084	0.0396
5	SPILL	8	0.5138	0.0089	0.0416
5	SPILL	8	0.6826	0.0091	0.1848
5	SPILL	8	0.6041	0.0104	0.0427
5	SPILL	7	1.7090	0.0160	0.0415
5	SPILL	2	0.6350	0.0096	0.0071
5	SPILL	2	0.6736	0.0102	0.0083
5	SPILL	3	0.6099	0.0102	0.0661
5	SPILL	6	0.5276	0.0106	0.0087
5	SPILL	1	0.5051	0.0109	0.0001
5	SPILL	2	0.5154	0.0095	0.0407
5	SPILL	2	0.4950	0.0098	0.0086
5	SPILL	5	0.4948	0.0102	0.0076
5	SPILL	2	0.5297	0.0099	0.0087
5	SPILL	1	0.4685	0.0102	0.0001
5	SPILL	5	0.5017	0.0099	0.0135
5	SPILL	4	0.5258	0.0100	0.0235
5	SPILL	4	0.5087	0.0100	0.0149
5	SPILL	4	0.5858	0.0096	0.0789
5	SPILL	4	0.5130	0.0099	0.0153
5	SPILL	3	0.5308	0.0109	0.0165
5	SPILL	3	0.5248	0.0100	0.0110
5	SPILL	3	0.5869	0.0098	0.0757
5	SPILL	1	0.5218	0.0105	0.0001
5	SPILL	2	0.5486	0.0109	0.0131
5	SPILL	2	0.5260	0.0098	0.0087
5	SPILL	2	0.5579	0.0098	0.0337
5	SPILL	2	0.6281	0.0113	0.0085
5	SPILL	1	0.5401	0.0112	0.0001
5	SPILL	1	0.5344	0.0121	0.0001
5	SPILL	1	0.5085	0.0122	0.0001
5	SPILL	1	0.4865	0.0119	0.0000
5	BUD	0	0.3453	0.0079	0.0001
5	BUD	0	0.3626	0.0076	0.0002
5	BUD	0	0.3694	0.0078	0.0001
5	BUD	0	0.3744	0.0079	0.0001
5	BUD	0	0.3576	0.0072	0.0001
5	BUD	0	0.3801	0.0074	0.0001
5	VRAK	0	0.3693	0.0076	0.0001
5	VELG	0	0.4249	0.0074	0.0001
5	SPILL	7	0.4333	0.0074	0.0345
5	SPILL	1	0.3948	0.0077	0.0002
5	SPILL	3	0.3994	0.0086	0.0143
5	SPILL	12	0.5140	0.0074	0.0826
5	SPILL	11	0.4406	0.0079	0.0212
5	SPILL	2	0.4063	0.0072	0.0075
5	SPILL	11	0.6767	0.0077	0.3088
5	SPILL	6	0.4875	0.0079	0.0175
5	SPILL	10	0.5097	0.0071	0.0483
5	SPILL	1	0.4602	0.0094	0.0001
5	SPILL	1	0.4876	0.0095	0.0002
5	SPILL	10	0.4840	0.0086	0.0524
5	SPILL	9	0.4697	0.0123	0.0410
5	SPILL	9	0.6286	0.0093	0.1880
5	SPILL	9	0.4706	0.0090	0.0436
5	SPILL	9	0.4951	0.0092	0.0443
5	SPILL	8	0.4731	0.0081	0.0449
5	SPILL	8	0.6204	0.0086	0.1872
5	SPILL	8	0.4779	0.0086	0.0365
5	SPILL	8	0.4898	0.0100	0.0384
5	SPILL	7	0.4900	0.0091	0.0281
5	SPILL	2	0.5191	0.0102	0.0397
5	SPILL	1	0.4552	0.0099	0.0001
5	SPILL	3	0.5763	0.0115	0.0619
5	SPILL	6	0.4792	0.0106	0.0090
5	SPILL	4	0.5656	0.0095	0.0735
5	SPILL	6	0.5096	0.0185	0.0289
5	SPILL	6	0.6893	0.0112	0.1519
5	SPILL	5	0.5782	0.0099	0.0253
5	SPILL	1	0.5198	0.0185	0.0001
5	SPILL	5	0.5116	0.0112	0.0264
5	SPILL	2	0.4908	0.0149	0.0089
5	SPILL	4	0.5184	0.0141	0.0244
5	SPILL	4	0.6265	0.0132	0.1055
5	SPILL	4	0.5298	0.0112	0.0205
5	SPILL	1	0.5080	0.0119	0.0001
5	SPILL	3	0.5077	0.0120	0.0064
5	SPILL	3	0.5373	0.0112	0.0097
5	SPILL	3	0.5882	0.0110	0.0629
5	SPILL	3	0.5270	0.0113	0.0152
5	SPILL	2	0.5232	0.0152	0.0095
5	SPILL	2	0.5780	0.0113	0.0482
5	SPILL	2	0.5022	0.0132	0.0129
5	SPILL	2	0.5450	0.0167	0.0087
5	SPILL	1	0.5088	0.0164	0.0001
5	SPILL	1	0.5252	0.0152	0.0001
5	SPILL	1	0.5389	0.0163	0.0001
5	SPILL	1	0.5170	0.0132	0.0001
5	BUD	0	0.4189	0.0087	0.0001
5	BUD	0	0.3786	0.0079	0.0001
5	BUD	0	0.3894	0.0077	0.0000
5	BUD	0	0.3867	0.0093	0.0000
5	BUD	0	0.3972	0.0080	0.0001
5	VRAK	0	0.3938	0.0086	0.0001
5	VELG	0	0.4513	0.0084	0.0001
5	SPILL	7	0.5377	0.0090	0.0505
5	SPILL	12	0.5547	0.0096	0.1140
5	SPILL	1	0.4599	0.0100	0.0001
5	SPILL	3	0.4575	0.0079	0.0162
5	SPILL	11	0.4724	0.0174	0.0264
5	SPILL	2	0.4610	0.0080	0.0083
5	SPILL	6	0.6716	0.0091	0.1584
5	SPILL	11	0.5799	0.0087	0.0860
5	SPILL	10	0.5129	0.0088	0.0206
5	SPILL	4	0.5188	0.0087	0.0214
5	SPILL	10	0.7686	0.0103	0.3305
5	SPILL	3	0.5010	0.0140	0.0241
5	SPILL	9	0.4709	0.0091	0.0176
5	SPILL	2	0.4789	0.0129	0.0087
5	SPILL	4	0.4956	0.0128	0.0135
5	SPILL	2	0.4900	0.0092	0.0075
5	SPILL	8	0.4814	0.0092	0.0150
5	SPILL	2	0.4957	0.0094	0.0138
5	SPILL	3	0.5570	0.0093	0.0757
5	SPILL	8	0.5360	0.0092	0.0250
5	SPILL	7	0.5576	0.0093	0.0524
5	SPILL	1	0.5019	0.0111	0.0000
5	SPILL	2	0.5472	0.0117	0.0543
5	SPILL	1	0.4786	0.0109	0.0001
5	SPILL	6	0.5139	0.0138	0.0109
5	SPILL	3	0.5024	0.0098	0.0112
5	SPILL	6	0.5365	0.0100	0.0188
5	SPILL	2	0.5081	0.0164	0.0126
5	SPILL	5	0.9061	0.0152	0.0648
5	SPILL	5	0.7578	0.0156	0.0293
5	SPILL	1	0.7345	0.0254	0.0002
5	SPILL	1	0.5342	0.0130	0.0001
5	SPILL	4	0.5480	0.0112	0.0312
5	SPILL	4	0.5457	0.0146	0.0174
5	SPILL	1	0.5119	0.0124	0.0001
5	SPILL	4	0.5337	0.0115	0.0196
5	SPILL	3	0.5097	0.0151	0.0083
5	SPILL	1	0.5145	0.0126	0.0001
5	SPILL	3	0.5174	0.0112	0.0108
5	SPILL	2	0.5286	0.0157	0.0098
5	SPILL	2	0.5387	0.0137	0.0224
5	SPILL	2	0.5163	0.0152	0.0086
5	SPILL	2	0.5738	0.0130	0.0399
5	SPILL	2	0.5242	0.0116	0.0125
5	SPILL	1	0.5055	0.0124	0.0001
5	SPILL	1	0.5241	0.0166	0.0001
5	SPILL	1	0.5126	0.0139	0.0001
5	SPILL	1	0.5415	0.0208	0.0001
5	BUD	0	0.4620	0.0082	0.0002
5	BUD	0	0.4169	0.0073	0.0001
5	BUD	0	0.4083	0.0083	0.0000
5	BUD	0	0.3861	0.0082	0.0001
5	BUD	0	0.3714	0.0068	0.0001
5	VRAK	0	0.3839	0.0073	0.0001
5	VELG	0	0.3977	0.0085	0.0001
5	SPILL	6	0.4669	0.0082	0.0313
5	SPILL	2	0.4155	0.0069	0.0104
5	SPILL	1	0.4205	0.0081	0.0002
5	SPILL	2	0.4258	0.0076	0.0108
5	SPILL	11	0.4360	0.0076	0.0206
5	SPILL	1	0.4360	0.0087	0.0001
5	SPILL	5	0.4564	0.0085	0.0139
5	SPILL	1	0.4278	0.0162	0.0001
5	SPILL	10	0.4876	0.0091	0.0401
5	SPILL	10	0.4849	0.0080	0.0499
5	SPILL	1	0.4452	0.0157	0.0001
5	SPILL	10	0.6582	0.0117	0.0962
5	SPILL	9	0.7544	0.0117	0.0666
5	SPILL	5	0.5483	0.0168	0.0150
5	SPILL	4	0.4932	0.0092	0.0133
5	SPILL	2	0.4816	0.0086	0.0087
5	SPILL	8	0.4719	0.0155	0.0117
5	SPILL	3	0.4647	0.0089	0.0095
5	SPILL	5	0.4963	0.0093	0.0138
5	SPILL	1	0.4914	0.0092	0.0001
5	SPILL	7	0.4814	0.0093	0.0100
5	SPILL	3	0.4936	0.0178	0.0121
5	SPILL	1	0.4595	0.0100	0.0001
5	SPILL	7	0.6124	0.0097	0.1253
5	SPILL	6	0.4906	0.0097	0.0086
5	SPILL	2	0.5050	0.0092	0.0073
5	SPILL	3	0.4863	0.0175	0.0107
5	SPILL	6	0.5142	0.0183	0.0242
5	SPILL	5	0.5225	0.0096	0.0297
5	SPILL	5	0.5204	0.0098	0.0188
5	SPILL	5	0.6263	0.0104	0.1079
5	SPILL	5	0.6038	0.0103	0.0219
5	SPILL	4	0.6245	0.0097	0.0233
5	SPILL	4	0.5758	0.0099	0.0151
5	SPILL	4	0.5978	0.0096	0.0786
5	SPILL	4	0.5340	0.0102	0.0148
5	SPILL	3	0.5135	0.0100	0.0154
5	SPILL	3	0.5288	0.0108	0.0106
5	SPILL	2	0.6072	0.0117	0.0398
5	SPILL	3	0.5300	0.0117	0.0572
5	SPILL	2	0.7552	0.0127	0.0141
5	SPILL	2	0.5303	0.0136	0.0082
5	SPILL	2	0.6484	0.0113	0.0336
5	SPILL	2	0.5327	0.0136	0.0079
5	SPILL	1	0.4975	0.0112	0.0001
5	SPILL	1	0.4916	0.0119	0.0001
5	SPILL	1	0.4999	0.0117	0.0000
5	SPILL	1	0.4845	0.0115	0.0000
5	BUD	0	0.3967	0.0077	0.0001
5	BUD	0	0.3660	0.0076	0.0001
5	BUD	0	0.3538	0.0074	0.0001
5	BUD	0	0.3549	0.0070	0.0002
5	VRAK	0	0.3661	0.0075	0.0001
5	VELG	0	0.3870	0.0073	0.0001
5	SPILL	6	0.4227	0.0078	0.0288
5	SPILL	1	0.3825	0.0092	0.0001
5	SPILL	12	0.5181	0.0169	0.0799
5	SPILL	1	0.4724	0.0094	0.0001
5	SPILL	11	0.5147	0.0088	0.0253
5	SPILL	11	0.4776	0.0072	0.0551
5	SPILL	11	0.4727	0.0072	0.0590
5	SPILL	5	0.5814	0.0082	0.0989
5	SPILL	10	0.5280	0.0071	0.0430
5	SPILL	4	0.5363	0.0076	0.0805
5	SPILL	10	0.4635	0.0078	0.0784
5	SPILL	10	0.5002	0.0090	0.0639
5	SPILL	9	0.5099	0.0083	0.0569
5	SPILL	3	0.5333	0.0112	0.0738
5	SPILL	9	0.5908	0.0097	0.0547
5	SPILL	9	0.5295	0.0111	0.0629
5	SPILL	8	0.4990	0.0090	0.0479
5	SPILL	2	0.5563	0.0119	0.0665
5	SPILL	1	0.4529	0.0136	0.0001
5	SPILL	2	0.5214	0.0118	0.0132
5	SPILL	7	0.5013	0.0098	0.0169
5	SPILL	4	0.5004	0.0095	0.0207
5	SPILL	4	0.5775	0.0102	0.1034
5	SPILL	3	0.4848	0.0135	0.0108
5	SPILL	6	0.5359	0.0100	0.0337
5	SPILL	1	0.5174	0.0147	0.0001
5	SPILL	6	0.4950	0.0205	0.0348
5	SPILL	1	0.4830	0.0141	0.0001
5	SPILL	5	0.5180	0.0144	0.0357
5	SPILL	5	0.6294	0.0124	0.1279
5	SPILL	5	0.5174	0.0107	0.0248
5	SPILL	5	0.5327	0.0163	0.0225
5	SPILL	4	0.5203	0.0127	0.0476
5	SPILL	1	0.4880	0.0115	0.0001
5	SPILL	2	0.5628	0.0168	0.0099
5	SPILL	3	0.5257	0.0102	0.0162
5	SPILL	3	0.5449	0.0108	0.0275
5	SPILL	3	0.6132	0.0109	0.0749
5	SPILL	1	0.4975	0.0150	0.0001
5	SPILL	2	0.5422	0.0172	0.0093
5	SPILL	2	0.5162	0.0150	0.0065
5	SPILL	2	0.5232	0.0111	0.0094
5	SPILL	1	0.5055	0.0119	0.0001
5	SPILL	2	0.5624	0.0138	0.0398
5	SPILL	1	0.5536	0.0120	0.0001
5	SPILL	1	0.5206	0.0136	0.0001
5	SPILL	1	0.5023	0.0156	0.0002
5	SPILL	1	0.5138	0.0129	0.0002
6	BUD	0	0.8027	0.0093	0.0001
6	BUD	0	0.7342	0.0115	0.0001
6	BUD	0	0.3867	0.0084	0.0001
6	BUD	0	0.3933	0.0076	0.0001
6	BUD	0	0.3677	0.0070	0.0001
6	BUD	0	0.3741	0.0080	0.0000
6	VRAK	0	0.3752	0.0109	0.0001
6	VELG	0	0.3764	0.0228	0.0001
6	SPILL	9	0.5289	0.0095	0.0719
6	SPILL	1	0.3966	0.0082	0.0001
6	SPILL	1	0.4054	0.0095	0.0001
6	SPILL	2	0.4430	0.0118	0.0101
6	SPILL	11	0.4437	0.0107	0.0295
6	SPILL	3	0.4410	0.0080	0.0142
6	SPILL	11	0.4827	0.0080	0.0306
6	SPILL	6	0.4810	0.0113	0.0332
6	SPILL	10	0.5368	0.0081	0.0845
6	SPILL	10	0.5244	0.0089	0.0607
6	SPILL	10	0.8298	0.0118	0.2888
6	SPILL	1	0.4620	0.0093	0.0001
6	SPILL	9	0.5375	0.0086	0.0769
6	SPILL	9	0.5000	0.0103	0.0608
6	SPILL	9	0.7169	0.0090	0.2570
6	SPILL	9	0.5065	0.0093	0.0548
6	SPILL	8	0.6619	0.0116	0.0439
6	SPILL	8	0.6257	0.0097	0.0366
6	SPILL	8	0.6655	0.0090	0.1736
6	SPILL	8	0.5129	0.0093	0.0369
6	SPILL	7	0.5020	0.0089	0.0380
6	SPILL	7	0.5022	0.0089	0.0287
6	SPILL	7	0.6424	0.0089	0.1444
6	SPILL	7	0.5074	0.0093	0.0291
6	SPILL	6	0.5108	0.0093	0.0329
6	SPILL	6	0.4946	0.0096	0.0239
6	SPILL	6	0.6229	0.0094	0.1220
6	SPILL	6	0.5074	0.0098	0.0238
6	SPILL	5	0.5023	0.0094	0.0244
6	SPILL	5	0.5027	0.0103	0.0189
6	SPILL	1	0.4962	0.0103	0.0002
6	SPILL	2	0.5115	0.0103	0.0076
6	SPILL	4	0.4921	0.0103	0.0065
6	SPILL	2	0.4889	0.0101	0.0071
6	SPILL	4	0.5194	0.0111	0.0150
6	SPILL	4	0.6374	0.0098	0.0770
6	SPILL	3	0.5191	0.0483	0.0233
6	SPILL	3	0.5840	0.0111	0.0107
6	SPILL	3	0.5865	0.0101	0.0564
6	SPILL	3	0.5200	0.0107	0.0120
6	SPILL	2	0.5122	0.0185	0.0196
6	SPILL	2	0.5265	0.0104	0.0078
6	SPILL	2	0.5438	0.0102	0.0325
6	SPILL	2	0.5388	0.0115	0.0080
6	SPILL	1	0.5025	0.0114	0.0001
6	SPILL	1	0.4978	0.0207	0.0001
6	SPILL	1	0.5417	0.0118	0.0001
6	SPILL	1	0.5170	0.0119	0.0001
6	BUD	0	0.3634	0.0075	0.0001
6	BUD	0	0.3811	0.0078	0.0001
6	BUD	0	0.3653	0.0075	0.0001
6	BUD	0	0.3804	0.0164	0.0001
6	BUD	0	0.4257	0.0119	0.0001
6	BUD	0	0.3860	0.0073	0.0001
6	VRAK	0	0.3905	0.0080	0.0001
6	VELG	0	0.3919	0.0073	0.0001
6	SPILL	6	0.4445	0.0074	0.0309
6	SPILL	2	0.4208	0.0077	0.0091
6	SPILL	3	0.4327	0.0166	0.0131
6	SPILL	1	0.4279	0.0079	0.0001
6	SPILL	11	0.4448	0.0073	0.0195
6	SPILL	5	0.5327	0.0076	0.1028
6	SPILL	1	0.4304	0.0085	0.0001
6	SPILL	2	0.4523	0.0083	0.0074
6	SPILL	10	0.5353	0.0167	0.0434
6	SPILL	4	0.4884	0.0091	0.0121
6	SPILL	2	0.4697	0.0083	0.0083
6	SPILL	2	0.4371	0.0081	0.0074
6	SPILL	9	0.4394	0.0081	0.0140
6	SPILL	9	0.6089	0.0081	0.1551
6	SPILL	2	0.4432	0.0078	0.0099
6	SPILL	4	0.4765	0.0087	0.0166
6	SPILL	8	0.5413	0.0087	0.0326
6	SPILL	8	0.4880	0.0210	0.0370
6	SPILL	1	0.4441	0.0100	0.0001
6	SPILL	8	0.6110	0.0094	0.1580
6	SPILL	7	0.4793	0.0092	0.0262
6	SPILL	3	0.4711	0.0095	0.0094
6	SPILL	1	0.4703	0.0096	0.0001
6	SPILL	1	0.5170	0.0125	0.0002
6	SPILL	6	0.4755	0.0113	0.0088
6	SPILL	6	0.6077	0.0095	0.1136
6	SPILL	6	0.5145	0.0103	0.0285
6	SPILL	3	0.5039	0.0102	0.0094
6	SPILL	5	0.5322	0.0095	0.0239
6	SPILL	1	0.5005	0.0109	0.0001
6	SPILL	5	0.5087	0.0102	0.0203
6	SPILL	5	0.5786	0.0096	0.0985
6	SPILL	4	0.5201	0.0109	0.0224
6	SPILL	4	0.5030	0.0104	0.0162
6	SPILL	4	0.5059	0.0101	0.0143
6	SPILL	4	0.5624	0.0092	0.0687
6	SPILL	3	0.5081	0.0096	0.0148
6	SPILL	3	0.5253	0.0103	0.0116
6	SPILL	3	0.5237	0.0098	0.0111
6	SPILL	3	0.5435	0.0102	0.0492
6	SPILL	2	0.5031	0.0100	0.0060
6	SPILL	2	0.5062	0.0098	0.0079
6	SPILL	2	0.5229	0.0104	0.0080
6	SPILL	2	0.5706	0.0105	0.0325
6	SPILL	1	0.5505	0.0117	0.0001
6	SPILL	1	0.5326	0.0121	0.0001
6	SPILL	1	0.5099	0.0132	0.0001
6	SPILL	1	0.5082	0.0123	0.0001
7	BUD	0	0.6679	0.0094	0.0001
7	BUD	0	0.6273	0.0102	0.0001
7	BUD	0	0.3707	0.0074	0.0001
7	BUD	0	0.3687	0.0091	0.0001
7	BUD	0	0.3457	0.0072	0.0001
7	BUD	0	0.3671	0.0076	0.0001
7	VRAK	0	0.3618	0.0079	0.0001
7	VELG	0	0.3914	0.0074	0.0001
7	SPILL	6	0.4275	0.0071	0.0528
7	SPILL	1	0.4054	0.0079	0.0001
7	SPILL	1	0.4041	0.0086	0.0002
7	SPILL	2	0.4290	0.0074	0.0087
7	SPILL	11	0.4424	0.0075	0.0219
7	SPILL	11	0.4688	0.0077	0.0556
7	SPILL	1	0.4916	0.0099	0.0002
7	SPILL	5	0.4650	0.0089	0.0135
7	SPILL	10	0.4846	0.0073	0.0421
7	SPILL	4	0.5360	0.0098	0.0777
7	SPILL	3	0.5054	0.0087	0.0117
7	SPILL	2	0.4390	0.0081	0.0087
7	SPILL	9	0.4689	0.0079	0.0136
7	SPILL	4	0.4554	0.0082	0.0160
7	SPILL	3	0.4675	0.0086	0.0121
7	SPILL	9	0.6459	0.0085	0.1664
7	SPILL	8	0.4875	0.0268	0.0152
7	SPILL	8	0.5018	0.0090	0.0364
7	SPILL	8	0.4915	0.0099	0.0361
7	SPILL	4	0.5446	0.0085	0.0729
7	SPILL	7	0.4804	0.0093	0.0118
7	SPILL	7	0.5136	0.0095	0.0290
7	SPILL	7	0.4876	0.0160	0.0304
7	SPILL	3	0.5153	0.0086	0.7819
7	SPILL	6	0.7494	0.0096	0.0083
7	SPILL	2	0.6847	0.0100	0.0086
7	SPILL	1	0.5216	0.0100	0.0001
7	SPILL	6	0.5827	0.0093	0.0979
7	SPILL	5	0.5287	0.0108	0.0091
7	SPILL	1	0.4767	0.0103	0.0001
7	SPILL	1	0.4839	0.0105	0.0001
7	SPILL	1	0.4806	0.0106	0.0001
7	SPILL	4	0.4898	0.0102	0.0063
7	SPILL	4	0.5204	0.0097	0.0143
7	SPILL	4	0.5077	0.0102	0.0163
7	SPILL	4	0.5546	0.0107	0.0596
7	SPILL	3	0.4947	0.0099	0.0053
7	SPILL	3	0.4928	0.0096	0.0109
7	SPILL	3	0.5474	0.0102	0.0105
7	SPILL	3	0.5544	0.0098	0.0433
7	SPILL	2	0.5296	0.0110	0.0041
7	SPILL	2	0.5159	0.0095	0.0080
7	SPILL	2	0.5050	0.0094	0.0077
7	SPILL	2	0.5984	0.0107	0.0280
7	SPILL	1	0.5934	0.0136	0.0001
7	SPILL	1	0.5881	0.0122	0.0001
7	SPILL	1	0.5242	0.0117	0.0000
7	SPILL	1	0.5036	0.0119	0.0001
7	BUD	0	0.3681	0.0144	0.0001
7	BUD	0	0.3698	0.0070	0.0001
7	BUD	0	0.3581	0.0069	0.0001
7	BUD	0	0.3894	0.0084	0.0001
7	VRAK	0	0.3868	0.0154	0.0001
7	VELG	0	0.4025	0.0079	0.0001
7	SPILL	6	0.4255	0.0073	0.0296
7	SPILL	1	0.4513	0.0122	0.0002
7	SPILL	1	0.4168	0.0096	0.0001
7	SPILL	5	0.4437	0.0087	0.0205
7	SPILL	11	0.4411	0.0092	0.0191
7	SPILL	1	0.4349	0.0097	0.0001
7	SPILL	11	0.6705	0.0091	0.2071
7	SPILL	6	0.4802	0.0093	0.0265
7	SPILL	10	0.4834	0.0078	0.0435
7	SPILL	10	0.5069	0.0093	0.0506
7	SPILL	10	0.7336	0.0104	0.2161
7	SPILL	4	0.5825	0.0096	0.0143
7	SPILL	9	0.6057	0.0100	0.0364
7	SPILL	9	0.6891	0.0107	0.0423
7	SPILL	9	0.7137	0.0100	0.1861
7	SPILL	3	0.4946	0.0109	0.0109
7	SPILL	8	0.4979	0.0106	0.0283
7	SPILL	2	0.4775	0.0105	0.0082
7	SPILL	2	0.5004	0.0122	0.0399
7	SPILL	2	0.4557	0.0097	0.0082
7	SPILL	7	0.4579	0.0103	0.0097
7	SPILL	4	0.4568	0.0132	0.0124
7	SPILL	7	0.4926	0.0103	0.0161
7	SPILL	3	0.5582	0.0113	0.0118
7	SPILL	6	0.4965	0.0098	0.0200
7	SPILL	1	0.4765	0.0110	0.0001
7	SPILL	1	0.4715	0.0131	0.0001
7	SPILL	1	0.4618	0.0120	0.0000
7	SPILL	5	0.4793	0.0102	0.0195
7	SPILL	5	0.5722	0.0116	0.0192
7	SPILL	5	0.6146	0.0107	0.0956
7	SPILL	5	0.5513	0.0130	0.0140
7	SPILL	4	0.5175	0.0120	0.0176
7	SPILL	4	0.5171	0.0123	0.0145
7	SPILL	4	0.5873	0.0119	0.0686
7	SPILL	2	0.5113	0.0116	0.0072
7	SPILL	3	0.5063	0.0111	0.0080
7	SPILL	3	0.5207	0.0120	0.0219
7	SPILL	3	0.5539	0.0116	0.0534
7	SPILL	3	0.5357	0.0120	0.0094
7	SPILL	2	0.5151	0.0115	0.0063
7	SPILL	2	0.5258	0.0119	0.0077
7	SPILL	2	0.5531	0.0129	0.0349
7	SPILL	2	0.5215	0.0122	0.0085
7	SPILL	1	0.5031	0.0119	0.0001
7	SPILL	1	0.5237	0.0150	0.0001
7	SPILL	1	0.5268	0.0332	0.0002
7	SPILL	1	0.5391	0.0129	0.0001
7	BUD	0	0.4562	0.0080	0.0001
7	BUD	0	0.4276	0.0075	0.0001
7	BUD	0	0.3869	0.0099	0.0001
7	BUD	0	0.3970	0.0081	0.0001
7	BUD	0	0.3762	0.0071	0.0001
7	VRAK	0	0.3852	0.0078	0.0001
7	VELG	0	0.3957	0.0075	0.0001
7	SPILL	5	0.4303	0.0076	0.0261
7	SPILL	2	0.4126	0.0066	0.0091
7	SPILL	2	0.4254	0.0074	0.0104
7	SPILL	1	0.4295	0.0085	0.0000
7	SPILL	11	0.4550	0.0186	0.0565
7	SPILL	4	0.5509	0.0105	0.0762
7	SPILL	1	0.4506	0.0087	0.0001
7	SPILL	1	0.4331	0.0100	0.0001
7	SPILL	10	0.4995	0.0080	0.0355
7	SPILL	2	0.4694	0.0080	0.0073
7	SPILL	4	0.5446	0.0084	0.0830
7	SPILL	3	0.4548	0.0081	0.0104
7	SPILL	9	0.4570	0.0089	0.0133
7	SPILL	3	0.5182	0.0084	0.0563
7	SPILL	1	0.4456	0.0091	0.0001
7	SPILL	3	0.4609	0.0089	0.0124
7	SPILL	8	0.4852	0.0081	0.0340
7	SPILL	8	0.4815	0.0087	0.0344
7	SPILL	8	0.5067	0.0085	0.0356
7	SPILL	2	0.4988	0.0085	0.0386
7	SPILL	7	0.4912	0.0084	0.0285
7	SPILL	4	0.4905	0.0092	0.0159
7	SPILL	2	0.4733	0.0090	0.0080
7	SPILL	3	0.5317	0.0086	0.0680
7	SPILL	6	0.5018	0.0088	0.0254
7	SPILL	3	0.4811	0.0093	0.0101
7	SPILL	1	0.4753	0.0103	0.0001
7	SPILL	2	0.4957	0.0099	0.0076
7	SPILL	5	0.4783	0.0099	0.0069
7	SPILL	1	0.4817	0.0122	0.0001
7	SPILL	2	0.5243	0.0095	0.0379
7	SPILL	5	0.5126	0.0096	0.0202
7	SPILL	4	0.5051	0.0101	0.0077
7	SPILL	1	0.4817	0.0108	0.0001
7	SPILL	2	0.4879	0.0104	0.0085
7	SPILL	4	0.5247	0.0096	0.0149
7	SPILL	3	0.5315	0.0107	0.0211
7	SPILL	3	0.4903	0.0097	0.0106
7	SPILL	3	0.5019	0.0097	0.0109
7	SPILL	1	0.4968	0.0104	0.0002
7	SPILL	2	0.5023	0.0103	0.0136
7	SPILL	2	0.4851	0.0101	0.0077
7	SPILL	2	0.5022	0.0100	0.0078
7	SPILL	2	0.5198	0.0098	0.0316
7	SPILL	1	0.5057	0.0110	0.0001
7	SPILL	1	0.4999	0.0119	0.0001
7	SPILL	1	0.4970	0.0116	0.0001
7	SPILL	1	0.4969	0.0120	0.0001

# ---- OPPSUMMERING (2405 beslutninger) ----
# hele vektoren : 0.5156 ms/beslutning
# bare MIKRO    : 0.0117 ms/beslutning
# konvensjonene : 0.0273 ms/beslutning
# resten        : 0.4766 ms/beslutning
# BUD    n=   205  0.4683 ms
# VRAK   n=    44  0.4021 ms
# VELG   n=    44  0.4127 ms
# SPILL  n=  2112  0.5247 ms
# En kamp til 30 har ~301 beslutninger, altså ~0.155 s trekkbygging per kamp.
