Benk sd-frys, del «alle»: 8382 stillinger

nevro            1.0802  [gulv 1.4663 → tak 1.0802]  framdrift 100.0 %  n=8382 TRENINGSSETT
  mot nevro: +0.0000 ± 0.0000 anger (negativt = bedre enn nevro)
  stikk    n   kandidat      nevro       gulv
      0   592     2.0133     2.0133     1.9252
      1   848     1.2608     1.2608     1.7090
      2   808     1.3649     1.3649     1.8633
      3   791     1.3564     1.3564     1.7567
      4   800     1.3081     1.3081     1.7022
      5   786     1.3000     1.3000     1.7207
      6   721     1.1963     1.1963     1.6701
      7   768     0.9124     0.9124     1.3935
      8   760     0.6120     0.6120     1.1730
      9   763     0.5505     0.5505     0.9357
     10   745     0.1358     0.1358     0.2849
e1:e1-modell/e1-r2.bin 1.2446  [gulv 1.4663 → tak 1.0802]  framdrift 57.4 %  n=8382 TRENINGSSETT
  mot nevro: +0.1644 ± 0.0307 anger (negativt = bedre enn nevro)
  stikk    n   kandidat      nevro       gulv
      0   592     1.6412     2.0133     1.9252
      1   848     1.3253     1.2608     1.7090
      2   808     1.4693     1.3649     1.8633
      3   791     1.4390     1.3564     1.7567
      4   800     1.2898     1.3081     1.7022
      5   786     1.4367     1.3000     1.7207
      6   721     1.5040     1.1963     1.6701
      7   768     1.3488     0.9124     1.3935
      8   760     1.1709     0.6120     1.1730
      9   763     0.7980     0.5505     0.9357
     10   745     0.3106     0.1358     0.2849
e1:e1-modell/sd-r1.bin 0.9299  [gulv 1.4663 → tak 1.0802]  framdrift 139.0 %  n=8382 TRENINGSSETT
  mot nevro: -0.1504 ± 0.0247 anger (negativt = bedre enn nevro)
  stikk    n   kandidat      nevro       gulv
      0   592     1.2953     2.0133     1.9252
      1   848     1.2213     1.2608     1.7090
      2   808     1.3424     1.3649     1.8633
      3   791     1.1107     1.3564     1.7567
      4   800     1.1941     1.3081     1.7022
      5   786     1.0962     1.3000     1.7207
      6   721     1.0377     1.1963     1.6701
      7   768     0.7562     0.9124     1.3935
      8   760     0.5407     0.6120     1.1730
      9   763     0.5391     0.5505     0.9357
     10   745     0.0808     0.1358     0.2849
